90.879249,60.661870,96.753607
247.227797,115.131966,-99.781621
185.835046,282.963460,59.881337
132.913535,4.781916,96.205659
95.904023,58.801356,98.726459
260.004959,69.167162,-99.296721
208.483298,101.695999,16.852180
197.935993,272.080177,55.441786
236.389470,126.030270,-32.334977
242.428679,131.639600,-66.825368
211.781371,177.155811,-89.285204
118.690188,44.328743,97.462887
217.775495,102.314001,10.773191
246.201998,125.999602,-5.346916
128.084700,30.822744,92.347034
156.761208,213.426384,72.829814
102.831745,58.366123,98.192372
228.297987,103.436151,2.977679
153.162751,200.084491,73.183473
138.654095,14.289017,92.217664
162.771218,230.351315,71.819249
205.253990,192.030896,-79.567384
179.794143,263.704693,64.546071
154.562146,204.848915,73.029192
128.322337,20.044821,96.899933
177.721236,267.396004,63.716738
173.052986,255.524345,66.240331
170.226131,251.201575,68.610899
165.890061,238.968525,71.276601
241.507220,129.748261,-50.662505
199.471851,189.528420,-59.318307
228.796638,104.424090,2.775006
168.276777,246.436669,69.501497
248.896250,79.928252,-44.277113
201.283957,189.246247,-71.709545
163.739832,231.714722,71.599148
146.264514,41.362662,88.075838
135.322956,24.692578,92.916412
159.923847,65.730466,79.732211
171.460476,253.934494,67.631689
133.959460,22.931413,94.541021
175.657736,259.051976,64.969146
167.394135,244.071857,70.066707
155.766013,61.881393,83.147690
184.201398,276.773685,63.469053
240.460202,127.938287,-39.743407
147.971484,52.473108,86.567002
215.545929,177.775185,-99.603285
240.534467,118.196043,1.739691
241.081080,129.359181,-41.930453
254.560873,87.078567,-63.602262
246.367656,105.661809,-54.740649
160.969125,64.576327,80.554680
213.231831,177.876755,-92.881729
135.503747,23.764056,91.587512
202.711977,187.524778,-76.340434
140.846846,51.059430,91.349589
240.127621,128.397946,-36.375718
211.403487,181.459801,-92.549292
159.870266,65.373362,80.334316
208.831378,183.149989,-84.679532
239.216485,115.968924,2.653137
242.179310,130.782524,-57.618724
254.571075,87.731539,-68.319443
150.905075,60.014080,86.068980
252.902341,85.190729,-52.819944
206.964923,183.624683,-87.488758
202.968674,186.826555,-79.370718
239.408895,126.512884,-34.606764
145.726047,41.434105,88.483782
257.370924,78.691402,-88.354085
206.631177,183.072776,-79.986169
254.441010,92.276020,-95.924546
93.829319,59.690287,98.117311
144.823198,49.892127,87.654074
143.449026,43.250497,90.630415
244.401871,123.213557,-0.445014
254.666265,88.003566,-74.434506
165.084960,50.969042,87.446956
242.920733,131.465573,-73.592845
151.789014,59.606229,85.569137
245.644749,124.897069,-3.337163
206.785577,185.492253,-84.512497
242.098626,120.815783,0.581790
249.290807,109.314616,-85.958374
176.126199,259.817806,64.571561
92.648550,59.855600,97.588193
141.848658,44.955697,90.528166
258.409960,75.315984,-93.364812
165.482182,55.836600,84.292733
247.232425,105.476198,-62.007808
249.820918,106.207419,-86.877576
142.789184,53.979454,89.967899
211.949203,180.172562,-92.672804
154.014756,57.632415,83.337497
253.332168,95.370787,-94.175265
100.901101,58.561100,88.464142
239.597491,126.639370,-36.112414
166.280137,51.023752,81.345777
259.190103,70.654867,-98.192026
247.594510,110.457226,-82.996962
242.934821,131.034203,-77.116782
184.786600,262.004276,62.982013
257.603163,72.702275,-89.303691
98.943393,58.548937,98.325847
249.607125,108.290302,-89.087753
245.279686,125.240180,-4.694144
247.279705,114.010427,-81.648978
253.539441,97.349716,-94.315767
244.839843,123.882151,-1.745572
248.277751,110.853773,-86.200030
248.911053,102.447614,-78.410312
212.346854,180.921029,-93.923829
250.892159,96.738421,-83.741043
244.668901,124.103129,-2.307416
167.435509,48.313885,84.708802
146.847471,52.269572,87.487293
247.753408,105.435706,-67.461991
247.510755,112.475869,-80.789562
142.352942,54.193002,90.013174
242.007371,130.997705,-62.330691
165.868049,52.641882,85.554261
258.411367,74.012154,-90.794297
256.893722,80.612893,-93.266404
253.096926,95.439918,-91.445877
243.393922,130.442570,-88.060781
246.851666,116.011042,-96.619320
243.904825,129.109492,-90.291064
256.378545,83.843287,-95.260919
167.322533,46.078703,86.121840
257.952837,67.462426,-90.600631
100.579195,58.696715,97.539194
247.014600,112.603928,-78.974032
160.185365,59.818866,80.881470
252.452353,100.757597,-91.980229
243.323076,122.220183,0.016900
96.389542,58.759902,98.076770
100.629649,58.782483,95.404849
193.565798,277.558514,57.780971
259.155254,73.739317,-97.953550
251.757320,101.477772,-91.753202
257.853296,82.218434,-95.518563
249.539993,97.839228,-81.755192
166.002952,49.517699,83.668321
196.362209,274.561467,56.493800
252.387960,101.126010,-89.945892
256.489646,85.713324,-96.536127
249.816509,103.856094,-82.002920
156.512306,56.720993,83.950928
257.416132,84.190530,-97.153006
184.773345,277.956293,63.173807
196.785721,273.565013,56.018712
259.776957,69.726143,-98.742479
256.789101,82.129624,-92.195090
255.003680,89.207847,-80.887343
187.130723,259.131366,62.113348
166.699813,46.869132,85.904119
259.791280,67.196186,-93.995985
248.619752,110.621372,-83.700433
250.390211,105.144906,-89.697639
202.935239,188.786680,-78.534432
249.964503,104.126038,-88.700330
250.534654,99.318180,-89.079764
156.412316,57.028806,84.582743
142.967274,43.715346,90.647301
258.077867,79.790304,-91.588892
187.469560,280.353129,61.745423
191.548032,279.190328,59.451427
185.983950,260.728651,62.589847
189.859468,280.641985,58.424663
194.423203,277.286902,57.173682
191.243185,279.091327,59.649225
250.781268,103.571684,-94.929608
97.558322,58.728124,98.310335
255.562864,90.473753,-98.700039
185.495926,278.639337,62.893725
186.609117,261.263641,62.220345
187.974292,282.079624,59.102054
188.744289,280.015699,60.973473
259.168316,74.975669,-98.860369
192.695867,278.546006,58.279930
90.879637,60.674396,96.737758
166.550175,48.644090,84.518978
91.420491,60.315584,97.023902
194.669459,276.686873,57.085807
190.630889,279.877859,58.221121
256.641813,84.897729,-96.629397
189.045691,281.010840,58.680954
256.155474,88.457396,-91.990450
167.119540,43.797293,87.904188
255.544431,90.322140,-97.941155
245.765944,125.437923,-5.184910
197.025917,273.807731,55.892158
197.908579,272.697631,55.584245
189.351332,260.038503,60.794782
195.291775,276.510990,56.895781
193.734810,277.135598,57.357478
195.597027,275.157213,56.718086
195.386215,275.728095,56.766507
244.863344,127.049769,-91.990845
