3253.993549,2398.254563,2320.550209,4303.572935,3349.024344,3347.769498,4217.474436,3278.322731,3287.280156
3266.575203,2457.413663,2359.277588,4302.840297,3349.131542,3348.355336,4236.186304,3302.199435,3286.437517
3286.053444,2489.818429,2401.274229,4305.507669,3348.681794,3346.403998,4231.482257,3296.475171,3282.071617
3296.930944,2422.167329,2319.568560,4305.571886,3350.065747,3348.881208,4241.011844,3296.065057,3288.964497
3303.247835,2461.102420,2401.276856,4302.367400,3347.964454,3346.991117,4223.922881,3298.067219,3288.082384
3321.220162,2474.905371,2399.773363,4306.509064,3344.506940,3348.392050,4246.090461,3280.645504,3294.601430
3334.953221,2503.631278,2421.201948,4303.252478,3345.184093,3347.262912,4232.773921,3277.845088,3296.194789
3338.155112,2566.051790,2438.144832,4305.160455,3341.245488,3345.243520,4226.600744,3284.646360,3286.358612
3347.408050,2487.827977,2411.100291,4297.708252,3339.487069,3342.084263,4197.627929,3239.236702,3269.079956
3350.797891,2529.295901,2510.840095,4302.514897,3347.945302,3341.537476,4220.172617,3297.587079,3271.596971
3360.603698,2612.642682,2478.098801,4298.974372,3336.850939,3341.490611,4200.973787,3259.704737,3261.749383
3374.021257,2494.192155,2429.237666,4290.010723,3339.920180,3336.791089,4177.107371,3199.020506,3244.739501
3392.513544,2682.645593,2535.507440,4291.400957,3332.991065,3336.610311,4189.375413,3243.631831,3247.790477
3395.122341,2594.417102,2660.782739,4296.932033,3343.997726,3328.965467,4198.938539,3278.476833,3225.297769
3400.551819,2757.556598,2566.576979,4285.136349,3322.348644,3331.230808,4157.464252,3232.431143,3198.661317
3404.599213,2626.264890,2361.946359,4270.212472,3307.709307,3317.132826,4113.624743,3131.328176,3190.787809
3419.095676,2547.242836,2448.474693,4286.402084,3337.613115,3334.932822,4167.216996,3221.194316,3212.565704
3434.056733,2867.525825,3045.153680,4260.831194,3319.169540,3299.078414,4102.173016,3124.314402,3117.792956
3435.419878,2662.692350,2791.864906,4290.068127,3339.617286,3319.119017,4182.473760,3255.339686,3180.843146
3444.963208,2739.797644,2853.733979,4281.842722,3331.846136,3316.414207,4164.010894,3203.864673,3158.816352
3456.380038,2880.655113,3021.123330,4270.671409,3317.905675,3305.920743,4118.569898,3133.579278,3119.155842
3456.840854,2954.113773,3107.537452,4257.349519,3314.429044,3293.806310,4104.291578,3126.552595,3077.311868
3459.566789,2940.219095,3085.602722,4242.908082,3306.846059,3279.923415,4043.347279,3140.879044,3045.258265
3459.717841,2829.980456,2959.690958,4276.775026,3321.153500,3306.502608,4161.605047,3181.049580,3112.603991
3461.172057,2598.058636,2467.713078,4260.887103,3315.775239,3315.877437,4077.644644,3182.975799,3059.112961
3468.343553,2954.930752,3079.757318,4245.112259,3309.499714,3287.360058,4078.048607,3124.033618,3065.726491
3484.650172,2870.657656,2639.032096,4278.932731,3314.152651,3329.097876,4141.437633,3187.837237,3182.931915
3493.493324,2985.475996,3098.725162,4242.268720,3304.847597,3284.392193,4042.224719,3133.822725,3044.182899
3497.076235,2983.880993,3091.120183,4241.643458,3302.784766,3275.646025,4057.155547,3130.837843,3047.088977
3502.886654,2999.138867,3106.126238,4250.426710,3306.575428,3291.217435,4103.587016,3122.398387,3057.700371
3505.432402,2918.565427,2675.347079,4273.155698,3310.350332,3326.094610,4139.000864,3178.143010,3170.496808
3506.576888,2993.916875,3083.753753,4230.484193,3289.755605,3269.122536,4021.216476,3080.549248,3026.768119
3506.946953,2982.051069,3087.162161,4242.436517,3298.679901,3274.097494,4029.137551,3122.309982,3056.208530
3509.803854,2802.217408,2919.876047,4275.751772,3327.419670,3309.646719,4161.815077,3209.848348,3112.971426
3515.742387,2600.133455,2458.358144,4278.114377,3333.156296,3329.599131,4131.299706,3207.697271,3176.752861
3521.036180,2591.191210,2443.599826,4271.342281,3328.339258,3323.142884,4121.594234,3201.239723,3142.363873
3524.343658,2992.666420,3091.676881,4235.534952,3289.164830,3273.856262,4035.485504,3095.216474,3046.657031
3524.847898,2997.782390,3062.911583,4225.069261,3287.795530,3266.212851,4019.516176,3033.085508,3020.790606
3526.227330,2604.489448,2459.462164,4274.406743,3325.137377,3319.873223,4138.315207,3187.236959,3137.627670
3527.200361,3005.226159,3064.680479,4219.734137,3280.275291,3264.672975,3986.008812,2997.501271,2923.703446
3528.507480,2955.965498,3063.656348,4220.355427,3272.045436,3260.957496,3977.257577,3001.242169,2915.212302
3543.817197,2979.694985,2734.183996,4271.594788,3301.830699,3324.343963,4109.745934,3112.428913,3129.632319
3547.520383,3020.487056,3060.400088,4223.169143,3280.278236,3265.837696,3995.947953,3008.470722,3006.312758
3570.705650,2613.000429,2445.037246,4263.278842,3323.917277,3315.543660,4137.769651,3161.996900,3117.609442
3602.998515,2679.083786,2429.545092,4256.444303,3317.819614,3314.298285,4104.342122,3175.038207,3116.222855
3620.711441,3021.782436,2760.553312,4262.197787,3294.496954,3324.592624,4072.872952,3028.925599,3144.816745
3630.928881,2697.368469,2406.550863,4252.007421,3313.348110,3304.999275,4111.979730,3160.322197,3078.561593
3657.142834,2682.623057,2387.115814,4244.032835,3309.148052,3300.790768,4063.228517,3157.337763,3088.480037
3657.285970,3045.531310,2933.041567,4219.114372,3252.883449,3282.931760,4012.918106,2948.629573,3005.568981
3657.938736,3059.105042,2958.450797,4218.279080,3253.134769,3288.202296,4030.649641,2985.413105,3018.980587
3661.415562,3042.152440,2932.445823,4220.106554,3254.438497,3285.775665,4007.153232,2960.523345,3005.661444
3662.684471,3053.432677,2969.517063,4223.749545,3254.161296,3289.396721,4036.900840,2969.645708,3002.511286
3664.358121,2620.825845,2354.369564,4237.111060,3305.405971,3299.314544,4050.035281,3151.273645,3088.027288
3672.856505,3065.143241,2783.912281,4256.703471,3283.053860,3317.638225,4117.861772,3024.856350,3124.262808
3680.932207,2641.372584,2338.205556,4239.053465,3302.089471,3293.590621,4050.884825,3158.711448,3088.544041
3692.075016,2658.028426,2327.218032,4232.549492,3298.482592,3287.471720,4033.233684,3145.463440,3071.140525
3693.972147,2706.211477,2257.017411,4216.959227,3296.064371,3280.966775,4008.535937,3106.488677,3010.363361
3697.384117,2698.637822,2326.251344,4225.609164,3297.086249,3285.915055,4003.829058,3153.335626,3056.956739
3707.537154,2705.352115,2288.983178,4211.324033,3297.477563,3279.612442,3991.381373,3098.341652,2985.132355
3708.339622,3046.640703,2846.060102,4231.374315,3262.377777,3303.222915,4045.245380,3032.775396,3041.036247
3708.792122,2687.099244,2336.914179,4235.445030,3300.153704,3288.879167,4026.149130,3158.425402,3074.250126
3708.914552,2479.513302,1888.908627,4196.423634,3265.729569,3252.770689,3906.938356,3044.425490,2992.906578
3710.574119,3027.297897,2944.812623,4225.911917,3253.609587,3289.659006,4059.399600,2962.848675,2959.718181
3712.809898,3078.371828,2814.122764,4251.432486,3276.642346,3313.226436,4093.246332,3031.903578,3106.362989
3713.347743,2506.484426,1956.629045,4197.609906,3264.900207,3255.086579,3901.994879,3036.618254,2992.335109
3715.783918,3043.544758,2990.203522,4226.025800,3251.993837,3289.355774,4065.724803,2978.386186,2965.840265
3719.834836,2725.778622,2260.047452,4213.212255,3294.650523,3272.808848,3980.563880,3103.738578,2961.553689
3720.056131,3080.490603,2895.769848,4245.123771,3269.601015,3307.298101,4030.408374,3008.528111,3056.768018
3720.473780,2635.839244,2144.993805,4202.575946,3283.889055,3265.208345,3988.172255,3069.988161,2950.431812
3723.398521,3089.444024,2817.655012,4247.052255,3277.834308,3309.363413,4021.452288,3026.013085,3074.272709
3723.923621,3068.532145,2926.340600,4241.051968,3266.656435,3310.063148,4029.892483,3007.880805,3080.860437
3726.299751,3095.488972,2872.632005,4246.786679,3273.309261,3308.777741,4046.526132,3020.106770,3065.730582
3726.820005,3055.166634,2843.087124,4226.514086,3259.863411,3298.175651,4045.254634,3003.637426,3017.007896
3729.690615,3035.048444,2901.253943,4234.326314,3263.054949,3306.647151,4005.282037,3011.489848,3059.460962
3734.518805,2589.219207,2066.597503,4201.465816,3285.867289,3261.475917,3967.065118,3051.848554,2936.106974
3745.555490,3042.168490,2938.149973,4226.883401,3256.387803,3293.874073,4042.322749,2958.920127,2991.061806
3753.909100,3034.494006,2885.716391,4225.452643,3254.472488,3293.857264,4041.838822,2978.804212,2995.180933
