190.108685,278.807796
192.812612,277.145009
192.827590,275.885024
194.406076,273.262595
194.762294,271.607607
195.649599,270.712520
195.929529,270.236241
196.475871,265.371070
197.221197,262.047977
198.743677,261.988067
199.667650,259.849742
202.076301,258.708243
202.690245,257.970064
203.193911,257.888435
206.401832,257.241450
207.914396,255.127562
209.880565,254.989482
211.772107,253.901706
211.775974,250.430693
216.989011,250.037101
217.775904,248.379807
218.017093,247.032682
218.337326,245.235102
242.311863,158.883918
252.533188,155.392871
253.227243,147.252379
255.443755,147.173450
256.522231,146.038315
256.686730,145.630668
