obj_rms: mean: [ 776.17957  568.6995   548.1773  1059.0474   823.83826  823.92645
  847.2971   634.5522   634.8353 ] var: [111918.    65957.83  63205.12 191599.36 115951.63 116024.77 126666.24
  71603.15  71640.7 ]
obj_rms: mean: [ 869.619    608.01025  526.8499  1066.1138   830.64325  828.61
  815.26263  609.5364   594.20135] var: [128110.2    67504.805  59815.62  184802.5   111684.68  111296.81
 113260.4    61921.52   59708.53 ]
obj_rms: mean: [ 855.9073   682.7767   638.4675  1070.4178   831.79974  832.71967
  835.13916  618.11163  620.21   ] var: [123117.81   80489.04   73001.03  185872.33  112454.42  112516.1
 117466.93   65298.875  65330.547]
obj_rms: mean: [ 846.128    669.5024   625.8228  1072.2148   833.7056   834.3938
  844.00604  627.8741   631.2921 ] var: [121586.25   79278.15   72091.836 186840.38  113089.75  113171.59
 119980.21   66886.37   67304.586]
obj_rms: mean: [ 869.0759   608.1003   527.6859  1066.2407   830.7263   828.73663
  815.8696   610.031    595.0611 ] var: [128014.2    67589.516  59984.13  184844.52  111716.77  111337.36
 113425.46   62037.523  59898.684]
obj_rms: mean: [ 863.1479   609.05835  537.21265 1067.3619   831.39825  829.89825
  821.77673  615.3823   604.08813] var: [127024.92   68554.85   61655.95  185364.84  112097.22  111801.95
 115006.98   63377.867  61811.152]
obj_rms: mean: [ 857.5558   688.5433   643.06775 1069.4974   831.16235  831.8018
  829.19604  612.3853   613.0428 ] var: [122947.85   81068.74   73023.8   185494.58  112277.36  112233.05
 115863.98   64375.777  63972.42 ]
obj_rms: mean: [ 836.23535  669.2842   690.425   1068.9073   832.11237  832.5419
  827.6986   618.3584   618.5744 ] var: [116883.88   76897.05   81722.39  185634.31  112599.14  112775.91
 115825.805  65116.223  66057.59 ]
obj_rms: mean: [ 827.7741   658.6215   678.3823  1072.9324   834.7635   834.80896
  849.0851   633.94977  632.1767 ] var: [115785.36   75906.664  80576.42  186770.02  113111.08  113237.195
 121049.37   67736.91   68137.125]
obj_rms: mean: [ 785.1592   578.4707   557.191   1059.1691   823.7512   823.90283
  847.9237   634.112    634.9367 ] var: [114394.77   67369.78   64811.504 191646.39  115929.33  116014.28
 126881.67   71619.81   71608.2  ]
obj_rms: mean: [ 787.9479   577.1405   556.6937  1063.2544   826.9112   827.1365
  850.9691   636.2128   637.28284] var: [112222.94   66310.516  64008.543 187777.56  113582.625 113684.45
 124187.164  70058.05   70153.6  ]
obj_rms: mean: [ 784.7774   565.80743  541.4578  1063.1812   827.309    827.1305
  850.27405  638.46027  637.1138 ] var: [111706.125  64514.793  61429.71  187754.89  113691.336 113694.414
 124099.29   70557.8    70104.5  ]
obj_rms: mean: [ 776.1689   569.89484  548.1353  1060.0869   824.6236   824.6386
  848.47266  635.5595   634.7221 ] var: [110253.055  65174.473  62186.367 188604.48  114123.97  114180.84
 124813.5    70510.77   70465.88 ]
obj_rms: mean: [ 855.84033  681.0606   635.5535  1070.0679   831.58307  832.5912
  835.5787   618.98     621.65985] var: [123392.04   80262.58   72656.44  186069.16  112581.805 112674.42
 117748.36   65480.79   65618.05 ]
obj_rms: mean: [ 781.2519   564.6491   543.87286 1063.823    827.058    827.1459
  853.8986   637.23413  637.5392 ] var: [110503.71   63718.156  61407.742 187987.92  113619.21  113692.73
 125045.17   70284.16   70223.36 ]
obj_rms: mean: [ 851.9219   613.7322   559.22815 1070.616    833.23175  832.88885
  835.2299   624.82697  621.31036] var: [124621.46   70183.24   64089.1   186027.38  112514.484 112454.89
 117906.41   65481.387  64999.395]
obj_rms: mean: [ 819.22595  595.9856   566.83093 1072.967    834.4135   834.55347
  853.34784  636.6251   637.851  ] var: [118084.23   68438.234  64991.195 187839.72  113585.586 113629.484
 123051.06   68366.555  68674.7  ]
obj_rms: mean: [ 853.37024  614.13727  558.1203  1070.2345   832.96936  832.49945
  833.90643  623.90674  619.6213 ] var: [125102.92   70195.125  63882.418 186168.89  112596.97  112505.86
 117757.24   65340.242  64769.656]
obj_rms: mean: [ 820.01117  629.5746   594.9417  1075.3843   836.2129   836.0801
  857.1642   639.1354   638.2767 ] var: [115508.07   72643.766  67543.82  187275.02  113270.24  113210.64
 123045.11   68548.95   68352.24 ]
obj_rms: mean: [ 823.90735  598.94464  567.2525  1074.7445   835.8847   835.9831
  853.7529   637.1087   637.73364] var: [118396.5    68547.3    64778.746 187074.73  113145.05  113175.3
 122168.875  67999.32   68178.62 ]
obj_rms: mean: [ 825.0284   640.06195  603.286   1072.6904   834.162    834.1883
  852.09283  635.05334  635.4896 ] var: [117304.58  74822.47  69270.32 187736.08 113576.04 113548.19 122722.54
  68342.2   68238.78]
obj_rms: mean: [ 846.8838   610.67816  559.4686  1071.3406   833.6193   833.5772
  839.3047   627.4413   625.792  ] var: [123545.04   70041.51   64463.52  186263.89  112650.2   112668.695
 118876.305  66022.81   65867.92 ]
obj_rms: mean: [ 810.2151   612.73444  582.2428  1072.7689   834.10516  833.8852
  857.6086   638.5362   637.996  ] var: [114223.08   70026.695  65751.85  187574.86  113414.19  113356.46
 123848.14   68835.     68702.38 ]
obj_rms: mean: [ 813.4601   608.19183  611.4657  1072.647    834.3659   834.3553
  856.617    640.4212   641.4818 ] var: [115142.875  69471.61   71081.74  187529.22  113468.734 113521.35
 123658.19   69098.54   69701.8  ]
obj_rms: mean: [ 821.8773   634.48157  598.876   1073.2561   834.5515   834.4748
  854.02466  636.78455  636.1584 ] var: [116191.04   73631.234  68344.266 187239.55  113262.27  113206.22
 122792.9    68368.5    68109.17 ]
obj_rms: mean: [ 813.5978   620.1846   587.7415  1072.3743   833.85205  833.65576
  856.0008   638.15924  637.04236] var: [115294.78   71591.5    66899.38  188452.9   113966.22  113900.44
 124159.13   69049.12   68909.984]
obj_rms: mean: [ 821.23096  623.0449   630.8632  1075.3528   836.4647   836.5137
  856.19745  640.316    641.1376 ] var: [115996.42   71416.46   73767.15  187265.03  113308.805 113383.76
 122868.58   68660.234  69279.91 ]
obj_rms: mean: [ 815.752    614.26984  620.5802  1072.2664   834.1124   834.094
  855.0565   639.60077  640.1431 ] var: [116098.92  70670.95  72763.88 188412.73 114012.45 114071.05 123973.
  69250.37  69860.48]
obj_rms: mean: [ 845.5702   609.8037   560.1556  1072.2802   834.2774   834.3286
  841.22797  628.6248   627.48   ] var: [123164.82   69932.94   64608.312 186311.08  112671.82  112714.81
 119201.32   66191.78   66084.32 ]
obj_rms: mean: [ 842.94214  608.1279   560.37195 1071.6061   833.6745   833.794
  841.8956   628.8312   628.2168 ] var: [122946.44   69903.39   64821.047 186721.83  112907.19  112968.07
 119771.07   66503.41   66456.04 ]
obj_rms: mean: [ 832.9261   651.3087   611.4816  1072.8425   834.30237  834.55054
  849.35864  632.62854  634.47864] var: [118561.18   76452.375  70182.94  186901.38  113099.18  113105.21
 121417.39   67674.56   67781.414]
obj_rms: mean: [ 800.1925   586.4148   557.2852  1073.7102   834.676    834.2678
  854.03174  634.41516  632.31537] var: [112272.79   66100.23   62381.066 187198.95  113119.37  113013.72
 122657.24   67707.664  67302.766]
obj_rms: mean: [ 829.6025   657.3583   677.48413 1071.139    833.68787  834.09607
  839.32214  627.59753  629.6214 ] var: [116315.63   75644.195  80556.96  186502.3   113024.625 113229.05
 118878.28   66721.18   67831.3  ]
obj_rms: mean: [ 834.25055  604.2762   563.08484 1072.5118   834.4346   834.5588
  846.5706   633.1202   632.96906] var: [120863.57   69597.86   65058.094 186720.9   112964.66  113013.28
 120763.29   67328.86   67311.77 ]
obj_rms: mean: [ 830.18634  646.8945   608.33704 1074.4135   835.53955  835.6832
  851.97644  634.8773   636.09863] var: [117694.29   75626.57   69653.82  186950.95  113120.43  113111.836
 121714.914  67890.164  67881.664]
obj_rms: mean: [ 820.9826   626.91284  636.6138  1073.2821   834.77924  834.91833
  853.56726  637.7338   638.7638 ] var: [115995.67   72042.46   74757.164 187246.25  113289.875 113386.04
 122630.67   68447.25   69029.83 ]
obj_rms: mean: [ 852.1692   682.8075   637.5642  1071.0894   833.3781   834.1107
  838.76227  626.7421   629.8566 ] var: [122393.055  80820.41   73366.63  186279.27  112934.    113002.57
 118385.43   66730.125  66949.305]
obj_rms: mean: [ 816.49963  594.741    567.05585 1073.4244   834.76636  834.89404
  854.77563  637.9349   638.9836 ] var: [117011.875  67957.85   64671.734 187303.92  113271.64  113303.1
 122930.33   68402.71   68620.89 ]
obj_rms: mean: [ 851.1785   675.6609   630.86316 1072.269    833.4915   834.3361
  841.1006   624.6077   627.3627 ] var: [122242.24   79711.07   72299.99  186226.83  112687.78  112763.664
 118833.9    66177.7    66408.195]
obj_rms: mean: [ 864.045    608.68536  535.2414  1067.1407   831.2605   829.6765
  820.76544  614.4696   602.59814] var: [127185.305  68367.266  61385.277 185288.19  112038.61  111728.414
 114734.38   63169.27   61501.305]
obj_rms: mean: [ 826.12854  600.77997  566.3337  1073.1604   834.7297   834.8304
  851.1006   635.60675  635.9273 ] var: [119069.49   68961.77   64880.086 187026.5   113129.37  113160.95
 121865.93   67891.16   68001.62 ]
obj_rms: mean: [ 821.397    631.1698   642.4116  1072.7213   834.42554  834.6302
  851.705    636.34     638.03235] var: [116242.086  72788.8    75851.84  187743.44  113607.77  113733.21
 122627.414  68404.016  69150.12 ]
obj_rms: mean: [ 815.10455  594.47217  567.99963 1075.4573   836.3982   836.51953
  857.42914  640.2104   641.2146 ] var: [116446.164  67787.16   64641.33  187306.56  113279.39  113313.4
 123165.71   68592.45   68889.16 ]
obj_rms: mean: [ 832.5003   662.8796   683.5142  1070.4656   833.2627   833.6551
  835.11847  624.5915   626.0358 ] var: [116597.36  76289.97  81223.43 186182.12 112873.81 113067.87 117769.44
  66103.06  67206.17]
obj_rms: mean: [ 807.57336  589.0571   564.8822  1072.3905   834.00464  834.12256
  856.11145  638.9882   640.22675] var: [115919.31  67473.76  64657.19 188459.62 113975.9  114014.83 124242.26
  69057.16  69524.69]
obj_rms: mean: [ 839.7383   606.6388   561.92535 1073.0616   834.79236  834.9586
  844.97974  631.431    631.2285 ] var: [121935.32   69710.31   64906.266 186548.03  112819.85  112886.945
 120104.56   66814.88   66816.266]
obj_rms: mean: [ 852.6176   684.0845   638.9116  1071.3805   833.7073   834.3956
  838.5683   627.28613  630.0309 ] var: [122304.305  80889.33   73464.15  186149.98  112886.836 112943.66
 118154.98   66755.28   66918.52 ]
obj_rms: mean: [ 835.85675  668.87103  689.9817  1068.718    831.9645   832.39325
  827.8268   618.5106   618.7667 ] var: [116901.55   76897.68   81725.9   185715.53  112646.75  112824.19
 115974.375  65185.07   66130.336]
obj_rms: mean: [ 806.36383  603.9067   583.8441  1076.6442   836.5285   837.47473
  870.6817   647.0804   651.63153] var: [113985.125  68859.195  66805.81  188133.77  113567.88  113844.38
 127308.97   70478.836  71496.375]
obj_rms: mean: [ 812.9291   603.61304  602.03986 1076.0034   837.0079   837.11676
  860.11743  643.5128   645.0658 ] var: [114625.02   68585.2    69597.21  187479.42  113446.984 113512.79
 123752.16   69314.33   70006.586]
obj_rms: mean: [ 836.05     655.8634   614.8618  1072.3494   833.8939   834.2157
  847.7483   631.31006  633.4629 ] var: [119603.04   77379.22   70765.98  187248.89  113317.77  113331.73
 121335.68   67640.01   67785.625]
obj_rms: mean: [ 831.6596   661.2556   681.84357 1070.8802   833.57404  833.9569
  836.63043  625.8066   627.43884] var: [116306.28   75973.57   80941.914 186026.97  112770.61  112965.57
 117962.766  66235.06   67330.69 ]
obj_rms: mean: [ 853.13916  678.3874   633.2772  1071.0266   832.4241   833.3446
  838.3029   621.7599   624.6435 ] var: [122912.16  80150.15  72593.14 186355.16 112755.49 112835.35 118430.38
  65893.28  66116.61]
obj_rms: mean: [ 803.99567  588.7372   565.3745  1076.1713   836.834    837.0709
  860.8139   642.22266  644.5838 ] var: [114226.84   66909.914  64354.586 187534.81  113396.47  113470.586
 123854.07   69077.57   69665.164]
obj_rms: mean: [ 827.1297   651.62396  669.46954 1071.6667   834.1184   834.4624
  843.0578   631.05084  632.7334 ] var: [116186.04  75174.82  79605.85 186818.42 113205.53 113392.39 119934.31
  67371.29  68397.39]
obj_rms: mean: [ 843.8346   666.5924   623.5671  1071.9221   833.41125  834.03864
  844.50885  627.94446  630.932  ] var: [121201.26   78949.23   71823.125 186895.25  113104.16  113159.164
 120224.945  66994.54   67285.54 ]
obj_rms: mean: [ 857.77435  689.4659   643.8638  1069.255    831.0027   831.5657
  827.78564  611.14435  611.3965 ] var: [122898.81   81118.3    73007.65  185402.45  112230.55  112165.72
 115516.055  64174.977  63672.11 ]
obj_rms: mean: [ 807.2752   598.5594   580.3785  1075.8279   835.7944   836.66943
  868.52405  643.7771   648.3608 ] var: [113747.27  67757.27  65834.87 188388.12 113690.93 113962.14 126899.94
  69970.81  71097.82]
obj_rms: mean: [ 831.062    659.75934  680.25806 1071.8214   834.26935  834.659
  838.6003   627.16296  628.9325 ] var: [116147.836  75742.03   80718.26  186085.06  112791.84  112990.89
 118294.51   66403.1    67516.09 ]
obj_rms: mean: [ 849.11554  673.22156  628.9695  1071.5131   832.92     833.7563
  841.4872   624.96405  628.0249 ] var: [122182.94  79600.58  72289.89 186619.7  112921.37 112999.88 119324.75
  66461.28  66730.87]
obj_rms: mean: [ 810.0297  607.9706  579.22   1076.1577  836.7738  836.6432  861.0932
  641.8757  641.5911] var: [113961.84   69145.42   65246.723 187528.16  113392.58  113359.91
 123952.62   69078.14   69070.27 ]
obj_rms: mean: [ 828.9482   655.6413   675.2155  1071.5728   834.0062   834.41284
  840.74927  628.8471   630.8984 ] var: [116070.164  75342.54   80155.055 186306.22  112894.48  113098.
 119060.69   66825.695  67952.69 ]
obj_rms: mean: [ 826.9308   648.0536   663.5499  1073.4209   835.41705  835.6768
  847.02264  634.1621   635.2938 ] var: [115923.055  74656.39   78584.24  186615.7   113063.39  113219.45
 120509.58   67643.27   68449.52 ]
obj_rms: mean: [ 828.8364   654.4174   673.1564  1072.6143   834.84064  835.22485
  842.6684   630.6262   632.3952 ] var: [116025.695  75252.57   79879.57  186353.9   112926.016 113123.23
 119354.44   67030.84   68087.016]
obj_rms: mean: [ 865.70355  608.3493   532.3573  1066.7474   831.02045  829.2944
  818.9528   612.8899   600.02686] var: [127486.04   68091.48   60915.04  185149.03  111936.01  111602.89
 114302.91   62790.6    60972.516]
obj_rms: mean: [ 836.5106   605.177    562.1901  1072.0922   834.0749   834.22845
  845.152    631.7767   631.764  ] var: [121625.8    69761.484  65049.965 186997.9   113112.89  113174.26
 120622.984  67206.805  67189.24 ]
obj_rms: mean: [ 802.78156  593.10364  583.7798  1067.7643   830.64874  830.7699
  854.55334  639.84515  640.6588 ] var: [115603.06   68754.945  68302.17  190127.31  115063.56  115132.23
 125865.08   70730.98   71119.83 ]
obj_rms: mean: [ 841.09735  606.8657   560.9009  1072.0406   833.98444  834.1439
  843.2455   629.97565  629.58234] var: [122333.375  69659.61   64787.836 186514.66  112783.36  112852.55
 119884.58   66606.63   66611.64 ]
obj_rms: mean: [ 847.8567   671.4541   627.6631  1071.9061   833.2543   834.05133
  842.68866  626.04156  629.2867 ] var: [121727.586  79304.89   72079.61  186406.53  112792.336 112867.266
 119424.98   66520.58   66846.77 ]
obj_rms: mean: [ 804.2447   586.8153   564.1352  1072.793    834.2151   834.34766
  857.678    639.33246  641.1652 ] var: [114685.336  66878.22   64267.03  187581.28  113423.875 113471.46
 123833.64   68866.35   69321.73 ]
obj_rms: mean: [ 796.1688   581.18225  554.92596 1072.4563   834.9459   834.6645
  846.9711   636.3783   635.02765] var: [111400.45  65090.75  61761.1  186746.52 113197.26 113109.82 120715.05
  68140.65  67808.57]
obj_rms: mean: [ 824.235    640.75116  654.07294 1072.8362   834.7495   834.9665
  849.21387  635.15875  636.5064 ] var: [115861.86   73843.01   77305.64  186893.42  113170.19  113301.92
 121348.32   67979.06   68707.234]
obj_rms: mean: [ 834.8182   666.9259   687.8053  1069.7627   832.775    833.18463
  830.9296   621.2401   621.8334 ] var: [116808.38   76715.625  81569.555 185879.64  112728.08  112909.65
 116662.71   65552.36   66503.125]
obj_rms: mean: [ 856.02     683.10614  638.9464  1070.0319   831.4851   832.39514
  834.44904  617.4307   619.4454 ] var: [123362.766  80651.95   73161.31  186142.17  112616.55  112672.63
 117520.82   65320.477  65336.637]
obj_rms: mean: [ 854.8312   680.3836   635.46783 1071.6488   832.8591   833.799
  837.9364   621.       623.85486] var: [122918.62   80224.99   72698.54  186014.11  112545.75  112622.43
 117974.484  65611.88   65800.26 ]
obj_rms: mean: [ 834.5461   666.9169   687.8401  1069.0223   832.19794  832.612
  829.97534  620.4439   620.9978 ] var: [116967.09   76839.27   81700.47  186112.34  112871.44  113053.016
 116709.56   65589.4    66556.234]
obj_rms: mean: [ 832.8664   604.5146   564.9129  1073.8026   835.4027   835.4806
  848.963    634.83386  634.4725 ] var: [120410.5    69602.89   65111.586 186775.27  113003.18  113038.164
 121077.164  67521.85   67502.695]
obj_rms: mean: [ 806.9059   598.54596  580.5187  1075.2432   835.33673  836.213
  868.1805   643.59094  648.1179 ] var: [113880.2    67865.86   65959.39  188590.64  113813.055 114085.12
 127093.16   70073.86   71197.68 ]
obj_rms: mean: [ 857.49817  687.0718   641.89453 1070.4456   831.86835  832.6249
  831.8294   615.0122   616.06573] var: [123005.92   80923.61   73034.58  185608.55  112329.64  112322.66
 116412.734  64720.85   64438.207]
obj_rms: mean: [ 826.7125   649.71387  666.45874 1072.1187   834.463    834.76807
  844.5685   632.4684   633.8218 ] var: [115953.84   74844.766  79030.15  186554.25  113040.12  113213.02
 120106.484  67478.47   68399.76 ]
obj_rms: mean: [ 851.82306  676.88336  631.65314 1070.8209   832.3153   833.19806
  838.9517   622.53015  625.3119 ] var: [122740.62   80030.625  72475.93  186495.23  112848.28  112926.41
 118725.32   66078.57   66321.28 ]
obj_rms: mean: [ 806.57227  604.1934   584.2038  1076.9062   836.7318   837.6804
  870.9965   647.3279   651.9182 ] var: [114016.586  68917.75   66884.66  188163.86  113586.32  113864.28
 127354.08   70504.61   71543.195]
obj_rms: mean: [ 805.93353  601.6793   579.6661  1074.9536   835.2964   836.1327
  867.3323   644.7917   648.6826 ] var: [114238.05  68606.03  66192.73 188118.64 113579.05 113826.76 126646.56
  70242.28  71054.64]
obj_rms: mean: [ 805.5035   594.6428   574.8982  1074.6677   834.9859   835.7453
  866.03253  642.2417   646.17505] var: [113443.54   67095.59   64876.016 187896.08  113416.88  113654.664
 126101.16   69611.57   70572.7  ]
obj_rms: mean: [ 806.87964  597.6877   579.1825  1075.4695   835.53595  836.39484
  867.99927  643.40344  647.8471 ] var: [113508.445  67509.56   65520.383 187953.28  113433.13  113698.99
 126549.36   69761.57   70854.586]
obj_rms: mean: [ 828.94055  602.6699   565.2352  1072.6428   834.4117   834.4714
  849.40753  634.7526   634.702  ] var: [119990.7   69474.8   65092.84 187376.48 113353.58 113379.79 121831.49
  67900.34  67944.57]
obj_rms: mean: [ 806.53046  602.902    581.5074  1076.01     836.069    836.95966
  868.90967  645.75696  650.01904] var: [114348.445  68845.89   66558.56  188453.55  113767.58  114031.664
 127110.57   70413.85   71379.72 ]
obj_rms: mean: [ 856.07166  683.2396   639.12415 1069.8729   831.3542   832.2617
  834.1724   617.18445  619.13544] var: [123341.04   80643.95   73156.195 186070.45  112573.86  112627.586
 117427.71   65285.715  65284.496]
obj_rms: mean: [ 850.6736   678.15076  633.0055  1071.3394   833.25507  834.066
  840.4072   626.3372   630.09656] var: [122191.33   80279.766  72846.3   186328.39  112869.766 112962.336
 118826.89   66591.46   66987.64 ]
obj_rms: mean: [ 824.23895  643.0832   657.43317 1072.771    834.7325   834.88904
  848.8765   635.0865   635.6365 ] var: [116077.34   74302.68   77952.36  187431.48  113507.914 113634.69
 121511.03   68137.03   68805.555]
obj_rms: mean: [ 857.6869   689.3048   643.7288  1069.2173   830.9686   831.5432
  827.945    611.2564   611.58734] var: [122943.92   81137.805  73034.02  185476.69  112274.93  112212.6
 115596.02   64228.188  63738.832]
obj_rms: mean: [ 857.3349   687.00543  641.82245 1070.211    831.6857   832.4385
  831.5614   614.779    615.8153 ] var: [123103.555  80996.305  73090.03  185763.03  112423.41  112415.46
 116489.945  64762.92   64468.96 ]
obj_rms: mean: [ 805.2034   594.2573   574.409   1074.4077   834.7909   835.54175
  865.72107  642.0621   645.94495] var: [113452.27   67072.98   64831.574 187938.8   113445.24  113681.48
 126064.516  69624.14   70586.34 ]
obj_rms: mean: [ 828.23004  660.0585   680.2662  1073.2479   834.96356  835.03625
  849.5521   634.045    632.2053 ] var: [115956.51   76162.51   80939.43  187068.83  113279.53  113418.18
 121303.805  67842.09   68243.69 ]
obj_rms: mean: [ 827.9941   660.3244   680.76074 1072.9135   834.687    834.7758
  849.40015  633.8324   632.09186] var: [115879.15   76156.98   80966.92  186952.47  113205.72  113349.805
 121271.06   67819.46   68222.695]
obj_rms: mean: [ 804.2288   592.10504  571.78143 1074.335    834.83026  835.487
  864.66156  641.80316  645.21387] var: [113294.414  66702.84   64401.492 187794.9   113384.734 113597.16
 125682.13   69520.9    70365.695]
obj_rms: mean: [ 806.67926  596.095    576.6756  1075.9229   835.9238   836.7158
  867.35547  643.02795  647.27106] var: [113476.04  67225.92  65064.69 187931.22 113428.21 113676.29 126217.83
  69636.32  70683.2 ]
obj_rms: mean: [ 855.7335   682.53534  638.01117 1070.5422   831.92957  832.8405
  835.4331   618.55743  620.68665] var: [123246.69   80586.68   73040.664 186119.03  112607.984 112666.94
 117640.484  65413.043  65450.688]
obj_rms: mean: [ 856.71234  684.18567  639.6734  1071.0536   832.31476  833.2055
  834.87256  617.94366  619.8121 ] var: [123100.16  80641.33  73058.75 185814.58 112430.47 112474.86 117212.21
  65180.52  65131.7 ]
obj_rms: mean: [ 822.91693  637.3196   650.07153 1072.906    834.73944  834.9399
  850.33734  635.77405  637.0318 ] var: [116159.09   73607.97   76965.695 187651.22  113605.03  113735.05
 122085.266  68327.26   69019.695]
obj_rms: mean: [ 806.0878   595.94727  576.73395 1074.9663   835.17267  835.9757
  866.7183   642.56604  646.83966] var: [113869.125  67482.375  65339.07  188560.48  113806.07  114058.92
 126691.01   69873.47   70931.74 ]
obj_rms: mean: [ 801.6088   597.2252   570.42145 1067.8802   830.4003   830.3208
  855.0549   638.4208   637.09656] var: [115332.836  69425.125  65692.24  190162.47  114995.414 114990.375
 125946.6    70465.26   70201.71 ]
obj_rms: mean: [ 804.3881   593.15466  573.05566 1073.773    834.3195   835.0498
  864.8543   641.576    645.3578 ] var: [113654.055  67082.35   64784.35  188333.83  113691.25  113923.53
 126234.29   69740.89   70693.42 ]
obj_rms: mean: [ 823.53125  640.13025  653.74316 1072.8826   834.772    834.9496
  849.6451   635.39154  636.3992 ] var: [115702.38  73670.67  77171.2  186906.48 113172.91 113300.43 121405.92
  68013.13  68671.54]
obj_rms: mean: [ 774.1411   567.7855   546.8185  1056.785    822.09174  822.16003
  845.46124  633.42346  633.12225] var: [112580.375  66415.5    63537.953 192779.69  116666.6   116738.88
 127522.06   72043.13   72106.52 ]
obj_rms: mean: [ 841.8168   663.6751   620.9114  1072.3292   833.82434  834.3261
  845.70886  629.39276  631.9632 ] var: [120516.15   78368.19   71327.58  186615.77  112947.4   112980.76
 120307.414  67086.85   67316.64 ]
obj_rms: mean: [ 850.77203  678.3166   633.1631  1071.3746   833.2863   834.0976
  840.4136   626.3434   630.12286] var: [122167.73  80273.25  72844.57 186271.75 112837.61 112929.46 118779.48
  66569.33  66966.29]
obj_rms: mean: [ 854.90204  681.4025   636.8566  1070.1145   831.6049   832.5419
  835.5722   618.6781   621.1925 ] var: [123224.06   80503.74   72979.484 186225.6   112669.96  112739.836
 117863.67   65533.242  65633.195]
obj_rms: mean: [ 807.62506  598.66254  580.40704 1076.3057   836.1726   837.04517
  868.86395  644.055    648.60846] var: [113540.43   67622.625  65693.27  188003.95  113460.23  113729.95
 126624.98   69838.93   70932.73 ]
obj_rms: mean: [ 805.8262   601.5177   579.4341  1074.7866   835.1735   836.00226
  867.1009   644.68     648.4705 ] var: [114292.    68622.06  66188.64 188194.47 113626.12 113873.22 126683.63
  70252.22  71046.57]
obj_rms: mean: [ 805.0239   593.2331   572.9984  1074.8148   835.17017  835.86
  865.3084   642.12366  645.7533 ] var: [113711.62   67043.13   64735.31  188369.34  113723.36  113943.805
 126122.81   69720.125  70665.35 ]
obj_rms: mean: [ 805.96014  602.6488   581.4894  1075.4331   835.6145   836.51385
  868.61884  645.4974   649.8614 ] var: [114437.766  68919.51   66664.71  188659.02  113890.04  114156.766
 127299.42   70495.63   71500.445]
obj_rms: mean: [ 824.2081   643.63837  658.17554 1072.4664   834.5068   834.65485
  848.555    634.8356   635.2919 ] var: [115990.19   74334.57   78012.5   187279.12  113419.92  113546.42
 121426.01   68085.375  68758.016]
obj_rms: mean: [ 824.6314   642.7961   656.9962  1073.4946   835.2856   835.44403
  849.5253   635.54987  636.3182 ] var: [115932.664  74128.61   77756.17  187231.52  113382.    113507.04
 121405.82   68065.445  68739.15 ]
obj_rms: mean: [ 805.9249   595.93256  576.8208  1074.6954   834.95667  835.7658
  866.5241   642.4663   646.7438 ] var: [113891.195  67506.164  65381.92  188598.02  113828.125 114082.445
 126717.55   69913.68   70952.66 ]
obj_rms: mean: [ 806.3357   596.00726  576.6708  1075.3647   835.48816  836.2853
  866.98737  642.76874  647.00275] var: [113738.414  67390.266  65230.258 188368.47  113691.84  113942.516
 126535.19   69799.21   70854.14 ]
obj_rms: mean: [ 807.0684   598.5652   580.45605 1075.4794   835.52216  836.39825
  868.32227  643.67145  648.22125] var: [113854.37   67840.22   65925.07  188554.52  113792.266 114063.98
 127039.016  70046.51   71170.15 ]
obj_rms: mean: [ 856.1257   681.32404  635.8413  1070.1403   831.6314   832.647
  835.5065   618.8956   621.54034] var: [123374.65   80242.96   72643.336 185973.19  112522.99  112615.68
 117644.66   65431.12   65561.77 ]
obj_rms: mean: [ 780.72864  573.94336  551.76245 1064.8296   828.2927   828.292
  851.7769   638.1148   637.72925] var: [110031.64   65300.     62249.934 187556.08  113485.086 113531.59
 124007.09   70013.43   70030.81 ]
obj_rms: mean: [ 825.02795  644.2809   658.6046  1072.2804   834.4258   834.64404
  847.50946  634.27094  635.4692 ] var: [116193.98   74491.46   78151.01  187226.89  113403.73  113542.234
 121304.164  68024.74   68750.12 ]
obj_rms: mean: [ 782.7178   575.6957   552.9127  1066.4681   829.57214  829.57654
  853.25446  639.1267   638.1946 ] var: [110835.14   65561.64   62413.207 188908.6   114301.46  114352.84
 124986.92   70309.484  70425.664]
obj_rms: mean: [ 790.072    582.21576  559.0512  1061.7378   825.751    825.9088
  849.96405  636.0975   636.5526 ] var: [113159.195  66618.69   63777.51  188151.2   113814.77  113903.766
 124503.695  70371.26   70400.65 ]
obj_rms: mean: [ 849.4523   675.3424   630.52527 1071.8577   833.5528   834.33203
  841.7047   626.78766  630.4563 ] var: [122109.086  80018.12   72625.53  186615.06  113003.32  113095.6
 119304.7    66677.5    67087.12 ]
obj_rms: mean: [ 834.6704   666.8595   687.75226 1069.4886   832.5604   832.973
  830.6067   620.95374  621.58484] var: [116920.01   76794.72   81654.63  186058.39  112837.6   113019.125
 116747.68   65603.67   66557.86 ]
obj_rms: mean: [ 856.03937  683.08453  638.9     1070.1759   831.5996   832.5125
  834.64984  617.59717  619.6457 ] var: [123337.445  80640.99   73152.164 186130.45  112609.09  112666.945
 117527.79   65322.617  65352.895]
obj_rms: mean: [ 828.1811   660.98096  681.624   1073.1677   834.8724   834.9719
  849.7015   633.99176  632.25745] var: [115719.12  76118.17  80966.55 186754.66 113083.09 113230.07 121163.58
  67753.81  68163.17]
obj_rms: mean: [ 791.41125  587.26245  565.75574 1074.3594   835.144    835.7064
  863.79816  643.5966   645.7496 ] var: [110875.77   66273.805  63391.25  187780.17  113448.445 113632.555
 125357.97   69821.1    70361.73 ]
obj_rms: mean: [ 804.7264   593.6839   573.70624 1073.9929   834.4778   835.21765
  865.1793   641.8006   645.5825 ] var: [113546.37   67084.56   64821.113 188096.81  113544.266 113778.74
 126128.945  69689.586  70618.13 ]
obj_rms: mean: [ 804.67896  592.61255  572.318   1074.6969   835.1015   835.7687
  865.0262   642.01056  645.5259 ] var: [113327.65  66768.29  64471.27 187793.27 113381.83 113595.53 125695.29
  69522.5   70385.35]
obj_rms: mean: [ 806.2596   600.77637  577.7654  1075.0404   835.43054  836.1826
  866.1637   644.2997   647.54254] var: [114199.52   68329.7    65732.6   187904.97  113468.31  113691.94
 126123.48   70025.266  70709.305]
obj_rms: mean: [ 805.78925  595.0175   575.36536 1074.9536   835.1997   835.9671
  866.33826  642.4188   646.4017 ] var: [113442.51  67126.98  64921.86 187875.08 113400.55 113641.74 126116.1
  69610.3   70559.72]
obj_rms: mean: [ 802.55945  594.8362   570.3665  1072.0442   833.45874  833.93207
  860.50244  642.1407   643.65576] var: [114193.64   67695.516  64802.76  188045.2   113660.74  113811.56
 125075.945  69935.59   70360.31 ]
obj_rms: mean: [ 785.3686   575.40424  554.845   1059.0923   823.6355   823.8885
  847.9336   633.2078   634.6233 ] var: [114512.98  67466.78  65045.38 191621.1  115897.66 116010.32 126774.02
  71421.51  71586.59]
obj_rms: mean: [ 827.7207   656.83203  675.92346 1073.2018   835.04016  835.0605
  848.90155  634.3026   632.4397 ] var: [115774.27   75677.37   80216.266 186672.56  113065.016 113182.04
 120875.63   67721.13   68080.87 ]
obj_rms: mean: [ 806.32794  601.3992   578.82074 1075.0747   835.4234   836.21185
  866.7001   644.51306  648.14014] var: [114601.875  68680.64   66153.77  188599.75  113879.01  114114.78
 126747.625  70319.23   71126.4  ]
obj_rms: mean: [ 804.41034  593.1453   573.01697 1073.7657   834.3226   835.0433
  864.77405  641.5403   645.2901 ] var: [113771.945  67146.39   64833.035 188463.31  113771.9   114000.95
 126294.87   69794.95   70729.805]
obj_rms: mean: [ 807.0882   601.7687   578.9721  1076.0215   836.1666   836.9463
  867.27856  644.9606   648.499  ] var: [114242.36   68445.51   65896.87  187966.9   113499.07  113731.1
 126257.99   70062.016  70851.195]
obj_rms: mean: [ 854.932    681.2917   636.679   1070.3716   831.8161   832.7558
  835.8882   619.0149   621.56354] var: [123217.89  80489.64  72960.77 186241.39 112680.18 112751.47 117897.04
  65547.75  65664.25]
obj_rms: mean: [ 805.86456  596.0053   576.92725 1074.533    834.8277   835.6409
  866.4889   642.3989   646.69684] var: [113865.3   67517.38  65402.68 188548.33 113797.45 114053.42 126717.99
  69896.61  70931.14]
obj_rms: mean: [ 805.76105  601.2893   579.0469  1074.5961   835.03284  835.84485
  866.7622   644.43384  648.1811 ] var: [114450.06   68666.13   66193.57  188395.08  113750.46  113992.805
 126749.74   70280.59   71102.05 ]
obj_rms: mean: [ 851.8305   676.92896  631.7033  1070.6458   832.17285  833.0596
  838.7266   622.3055   625.13007] var: [122772.88   80044.836  72485.42  186509.31  112856.32  112934.695
 118720.664  66084.4    66318.336]
obj_rms: mean: [ 776.04724  561.46027  540.08307 1057.0255   821.8295   821.90967
  848.9829   633.0586   633.7969 ] var: [112686.42   65030.883  62522.496 191210.73  115579.58  115658.55
 127505.36   71407.47   71455.12 ]
obj_rms: mean: [ 802.52954  590.144    569.6948  1072.9926   833.8531   834.45294
  862.8951   640.99286  643.8883 ] var: [113661.89   66791.09   64462.926 188648.28  113921.89  114118.69
 126050.5    69819.31   70606.52 ]
obj_rms: mean: [ 804.3125   597.47235  573.7048  1073.4221   834.3411   834.92737
  863.1333   642.9188   645.1687 ] var: [114184.02   67928.41   65148.703 187959.84  113555.516 113734.39
 125495.2    69902.66   70440.664]
obj_rms: mean: [ 785.9695   577.93207  555.3845  1070.9755   833.06964  833.05786
  856.6869   641.9999   640.7925 ] var: [110216.37   65312.324  62195.074 187650.88  113538.94  113585.53
 124107.4    69901.74   69957.016]
obj_rms: mean: [ 851.8992   677.0222   631.8053  1070.5256   832.0753   832.9651
  838.52277  622.11694  624.96094] var: [122776.83   80043.25   72488.33  186477.08  112836.734 112915.03
 118684.57   66065.51   66289.695]
obj_rms: mean: [ 840.2711   661.7051   619.3408  1072.1088   833.6788   834.1414
  846.1863   629.72675  632.2541 ] var: [120476.97  78260.68  71320.48 187042.36 113208.94 113243.3  120751.6
  67348.02  67537.64]
obj_rms: mean: [ 855.1824   681.90094  637.4273  1070.0459   831.53186  832.4631
  835.2734   618.3341   620.6418 ] var: [123130.484  80470.8    72955.28  186009.4   112538.984 112605.15
 117681.16   65424.902  65485.355]
obj_rms: mean: [ 847.5745   671.7432   627.5814  1072.1956   833.7193   834.4563
  843.23694  627.4977   631.05115] var: [121536.62   79376.86   72112.836 186348.5   112803.62  112894.766
 119560.55   66637.07   67087.12 ]
obj_rms: mean: [ 804.48444  593.32184  573.2551  1073.8508   834.37665  835.11115
  865.00415  641.6958   645.43365] var: [113581.64   67066.71   64774.863 188207.5   113612.945 113847.52
 126184.61   69727.35   70640.8  ]
obj_rms: mean: [ 802.2872   594.31195  569.60034 1072.0148   833.4838   833.9252
  859.9737   642.1642   643.5161 ] var: [114648.4    67901.055  64948.676 188880.53  114177.12  114321.84
 125452.72   70258.516  70645.49 ]
obj_rms: mean: [ 856.7183   685.78314  640.81976 1070.0044   831.513    832.32605
  832.3905   615.6415   617.0099 ] var: [123143.28   80915.945  73106.    185880.83  112488.35  112500.91
 116809.984  64974.254  64770.46 ]
obj_rms: mean: [ 869.69336  608.0838   526.9685  1066.2457   830.7431   828.7125
  815.3992   609.6458   594.3205 ] var: [128047.875  67483.625  59810.926 184714.78  111631.14  111244.19
 113220.84   61900.19   59689.047]
obj_rms: mean: [ 806.6435   601.5327   578.80396 1075.4678   835.73425  836.51874
  866.91656  644.70685  648.2684 ] var: [114469.95   68579.64   66024.875 188406.23  113763.59  113997.84
 126579.02   70243.914  71035.086]
obj_rms: mean: [ 804.0277   596.7995   572.8635  1073.2104   834.2296   834.77924
  862.32996  642.85535  644.7603 ] var: [114631.836  68077.984  65260.13  188723.12  114030.45  114201.086
 125775.34   70205.42   70671.75 ]
obj_rms: mean: [ 841.0477   662.7241   620.14594 1072.122    833.6765   834.172
  845.83496  629.499    632.1069 ] var: [120445.16  78279.28  71310.22 186746.58 113031.34 113070.27 120462.25
  67216.51  67413.8 ]
obj_rms: mean: [ 857.0538   682.1556   636.73535 1069.9963   831.49243  832.5265
  834.6791   618.08716  620.7203 ] var: [123695.16   80361.484  72767.195 186129.78  112615.2   112708.836
 117519.84   65350.96   65480.824]
obj_rms: mean: [ 802.30194  594.5665   570.06885 1071.8204   833.29346  833.7588
  860.1323   642.0667   643.4858 ] var: [114281.67   67736.67   64843.94  188213.23  113765.76  113917.02
 125138.12   70014.26   70432.586]
obj_rms: mean: [ 787.1317   582.39276  559.11615 1071.466    833.241    833.4399
  858.8652   642.136    641.8513 ] var: [110720.445  66046.55   62866.086 188328.34  113883.85  113979.34
 124854.51   70110.41   70246.195]
obj_rms: mean: [ 792.8793   583.31366  559.3692  1063.3899   826.88055  826.9528
  851.7511   636.3538   635.90796] var: [113282.98   67025.07   63823.57  187825.6   113570.9   113640.8
 124359.29   70060.055  69712.03 ]
obj_rms: mean: [ 827.88245  658.8517   678.6601  1073.0398   834.8427   834.8905
  849.2207   633.99695  632.212  ] var: [115765.164  75912.47   80591.875 186732.11  113086.94  113213.67
 121035.35   67718.99   68121.48 ]
obj_rms: mean: [ 803.9237   596.9919   573.1625  1073.0193   834.0458   834.62036
  862.5129   642.8061   644.7983 ] var: [114333.78   67978.99   65196.53  188204.92  113708.49  113885.47
 125573.195  70032.37   70520.56 ]
obj_rms: mean: [ 864.44476  608.6037   534.5803  1067.124    831.26495  829.6515
  820.41754  614.186    602.07776] var: [127136.85   68250.7    61256.53  185100.56  111920.47  111607.3
 114567.46   63029.195  61343.92 ]
obj_rms: mean: [ 805.8721   601.20966  578.796   1074.6538   835.08624  835.8835
  866.55457  644.36566  648.0261 ] var: [114574.57  68692.78  66195.05 188591.86 113872.3  114110.76 126798.12
  70340.1   71135.96]
obj_rms: mean: [ 855.72656  680.94525  635.4547  1070.0685   831.586    832.5904
  835.653    619.0305   621.7405 ] var: [123409.33   80277.266  72673.99  186126.48  112615.94  112709.086
 117791.79   65511.676  65654.28 ]
obj_rms: mean: [ 849.5776   675.3258   630.5304  1072.1116   833.74365  834.52136
  841.9261   626.95294  630.6489 ] var: [122039.805  79960.195  72577.234 186514.2   112940.695 113032.125
 119252.74   66646.79   67050.766]
obj_rms: mean: [ 827.27234  654.9845   673.4293  1072.8336   834.80084  834.8043
  848.4021   634.3033   632.53986] var: [116112.55   75695.016  80112.64  187131.08  113351.62  113460.
 121101.65   67926.68   68310.46 ]
obj_rms: mean: [ 843.5632   665.967    622.84796 1072.0076   833.5657   834.1557
  844.74615  628.5427   631.4825 ] var: [121158.1    78851.99   71769.375 186953.69  113160.36  113218.03
 120282.125  67082.94   67379.445]
obj_rms: mean: [ 801.4592   588.63983  567.87054 1072.3883   833.4625   834.00494
  861.7167   640.52765  643.1211 ] var: [113185.38   66426.26   64139.11  187927.67  113508.7   113691.86
 125366.336  69530.79   70243.85 ]
obj_rms: mean: [ 784.98193  577.15894  554.71295 1069.4921   831.9294   831.9061
  855.3577   641.29504  639.95593] var: [110179.914  65286.016  62192.504 187517.33  113461.53  113503.74
 123906.664  69913.65   69917.97 ]
obj_rms: mean: [ 806.21814  599.603    576.0027  1075.5034   835.8886   836.53265
  865.35645  644.2314   646.9334 ] var: [114169.72   68049.32   65335.547 187867.83  113477.77  113671.32
 125632.26   69902.98   70549.97 ]
obj_rms: mean: [ 828.0124   659.09796  678.9628  1073.1653   834.9343   834.9863
  849.34045  634.07654  632.2539 ] var: [115743.49   75923.26   80612.28  186706.67  113069.8   113198.305
 121036.78   67707.99   68106.86 ]
obj_rms: mean: [ 827.59875  657.7293   677.242   1072.8363   834.71436  834.7488
  848.8458   633.94116  632.10803] var: [115988.375  75933.01   80564.12  187072.36  113299.15  113421.95
 121170.234  67860.73   68238.78 ]
obj_rms: mean: [ 777.5742   562.47485  540.9279  1059.3092   823.57697  823.6777
  850.9555   634.9663   635.2803 ] var: [111809.48   64478.91   61930.215 189492.02  114540.95  114625.35
 126324.65   70897.195  70940.414]
obj_rms: mean: [ 775.99304  561.4692   540.52264 1057.3987   822.08746  822.1854
  848.96844  633.4115   633.6871 ] var: [113496.195  65453.53   63021.453 193015.27  116664.52  116745.37
 128533.414  72110.414  72202.84 ]
obj_rms: mean: [ 862.31323  609.28125  538.7813  1067.509    831.4914   830.0625
  822.6734   616.15283  605.3926 ] var: [126809.8    68657.2    61822.402 185334.44  112091.734 111807.94
 115198.016  63543.258  62039.168]
obj_rms: mean: [ 800.83453  587.8091   566.79395 1071.7129   832.9637   833.4824
  860.91895  640.0848   642.4785 ] var: [113583.03   66604.55   64279.61  188628.39  113939.195 114119.914
 125754.43   69778.42   70503.17 ]
obj_rms: mean: [ 825.94226  647.2637   662.77234 1073.6042   835.42645  835.52454
  849.0075   635.34985  635.16003] var: [115747.92   74540.65   78389.766 186725.28  113099.2   113215.2
 120878.96   67867.06   68442.14 ]
obj_rms: mean: [ 827.3587   656.061    674.9266  1072.797    834.74365  834.7553
  848.5365   634.1445   632.3149 ] var: [115839.484  75652.49   80139.82  186760.36  113122.766 113234.93
 120919.55   67758.02   68117.305]
obj_rms: mean: [ 802.03516  594.2244   569.6182  1071.6454   833.18176  833.63855
  859.823    641.97473  643.217  ] var: [114498.39   67840.57   64928.547 188604.6   114007.15  114156.97
 125331.15   70177.49   70539.49 ]
obj_rms: mean: [ 805.2178  599.403   576.0945 1073.9174  834.5965  835.3021  864.756
  643.4338  646.3779] var: [114386.945  68318.26   65658.35  188231.1   113679.47  113891.48
 126143.45   70105.6    70735.62 ]
obj_rms: mean: [ 823.879    636.963    649.34314 1074.4419   835.901    836.10565
  851.7825   636.9225   638.26   ] var: [115781.2    73245.336  76511.664 186953.86  113173.53  113300.36
 121690.914  68092.6    68775.6  ]
obj_rms: mean: [ 778.38043  562.9692   542.14606 1059.6522   823.8146   823.922
  850.7294   634.5126   635.2554 ] var: [112823.1    65021.2    62664.69  191833.14  115945.22  116022.1
 127674.16   71668.766  71694.47 ]
obj_rms: mean: [ 804.77124  597.0811   572.9496  1074.4335   835.2341   835.7566
  862.9586   643.6022   645.51605] var: [114045.65   67694.35   64865.434 187739.75  113449.414 113609.85
 125007.03   69830.2    70327.95 ]
obj_rms: mean: [ 868.8879   608.0966   527.9196  1066.2213   830.70605  828.7287
  815.97375  610.1277   595.2755 ] var: [127919.3    67579.67   60007.01  184756.69  111664.625 111288.35
 113408.78   62038.598  59914.977]
obj_rms: mean: [ 802.08453  594.3117   569.768   1071.6803   833.1956   833.6558
  859.88934  642.0166   643.29926] var: [114394.15   67769.25   64866.38  188406.61  113884.67  114035.28
 125205.805  70117.62   70493.766]
obj_rms: mean: [ 802.91785  595.21014  570.83997 1072.3381   833.67316  834.159
  860.88165  642.3575   643.9246 ] var: [114143.44   67681.16   64802.703 187909.9   113574.69  113727.56
 125040.63   69921.5    70314.61 ]
obj_rms: mean: [ 773.5899   567.371    545.8624  1056.3842   821.7939   821.8163
  845.5633   632.97925  632.673  ] var: [111427.02   65713.19   62728.66  190970.34  115569.195 115633.25
 126451.64   71343.6    71325.54 ]
obj_rms: mean: [ 864.78033  608.69293  534.4239  1067.2732   831.38605  829.7582
  820.38605  614.1257   601.91345] var: [127166.     68218.53   61197.43  185064.17  111895.83  111579.56
 114514.5    62974.566  61273.45 ]
obj_rms: mean: [ 848.29767  673.3727   628.8868  1071.5911   833.2941   834.055
  842.0185   626.845    630.4841 ] var: [121865.53  79722.46  72418.65 186497.11 112912.19 113002.76 119441.22
  66669.85  67067.53]
obj_rms: mean: [ 828.2397   657.701    676.9787  1073.7358   835.43463  835.4634
  849.40234  634.5628   632.69   ] var: [115777.42   75751.26   80338.414 186697.16  113075.664 113195.87
 120886.92   67712.83   68098.664]
obj_rms: mean: [ 802.07465  594.1525   569.4839  1071.7493   833.26776  833.7201
  859.8258   641.9724   643.3623 ] var: [114593.63   67869.37   64947.613 188780.16  114113.49  114262.234
 125389.125  70218.445  70625.46 ]
obj_rms: mean: [ 802.5461   594.4074   569.6553  1072.4777   833.84875  834.2809
  860.2227   642.4751   643.70715] var: [114584.734  67845.33   64875.86  188826.27  114146.414 114289.625
 125374.17   70244.1    70602.22 ]
obj_rms: mean: [ 850.60364  678.0011   632.88464 1071.3344   833.244    834.0553
  840.41956  626.3187   630.1125 ] var: [122222.21  80289.44  72862.19 186390.5  112905.59 112997.63 118864.69
  66599.61  67017.98]
obj_rms: mean: [ 855.7331   680.8211   635.32605 1070.9083   832.2595   833.2439
  836.7487   620.06683  622.68585] var: [123214.69   80184.055  72587.92  185976.11  112525.99  112615.27
 117805.93   65535.855  65688.555]
obj_rms: mean: [ 842.4837   664.361    621.5681  1072.6295   834.0609   834.59283
  845.7583   629.4238   632.1935 ] var: [120554.25   78406.58   71403.46  186530.95  112901.24  112948.414
 120198.76   67043.2    67294.96 ]
obj_rms: mean: [ 822.91547  638.3156   651.4282  1072.4934   834.4443   834.6342
  849.7139   635.4015   636.5051 ] var: [115973.79   73627.49   77040.914 187335.19  113423.75  113552.59
 121783.37   68203.82   68884.89 ]
obj_rms: mean: [ 863.3714   608.8998   536.53546 1067.2837   831.3523   829.8271
  821.5127   615.14746  603.6649 ] var: [126979.266  68455.664  61556.625 185222.5   112008.414 111709.38
 114866.36   63288.875  61695.29 ]
obj_rms: mean: [ 848.5637   673.79285  629.20844 1071.6952   833.3841   834.1469
  841.96     626.84235  630.52026] var: [121809.49  79714.81  72392.42 186374.61 112841.15 112931.08 119333.1
  66623.64  67020.73]
obj_rms: mean: [ 788.957    570.19525  547.4699  1072.0486   833.51654  833.5808
  862.16644  643.314    643.8983 ] var: [111669.85   64380.836  61846.926 187805.9   113512.46  113567.81
 125546.66   70187.5    70401.695]
