3250.224141,2430.719952,2334.712541,4302.747838,3348.998567,3347.986876,4235.908667,3303.254065,3280.838945
3729.788691,2516.736285,1976.475062,4199.899294,3264.597192,3253.213462,3889.779331,3035.540436,2981.511548
3720.477192,3033.676239,2984.264506,4225.535746,3250.724979,3287.468530,4061.487787,2969.748102,2952.572972
3712.325956,3112.145342,2893.806627,4244.989204,3274.992544,3306.791883,4010.891541,3037.611790,3056.664749
3710.819715,2492.584064,1887.269678,4194.755634,3268.439263,3254.402619,3897.679912,3037.980486,2991.682057
3709.670984,2474.692407,1874.654141,4196.908837,3265.588470,3252.135299,3911.662259,3045.700770,2991.238463
3663.662995,3043.793192,2933.288601,4216.955475,3252.346936,3281.344864,4012.908246,2937.405779,2984.642580
3537.085619,2964.827754,3041.892269,4217.795295,3274.539569,3259.150282,3967.086307,3010.325310,2911.700265
3447.936995,2989.740256,3149.185848,4257.353321,3305.581189,3283.644695,4089.495134,3071.908185,2992.524689
3327.893683,2493.196384,2407.137052,4302.989480,3345.250894,3347.120528,4229.652329,3276.921106,3297.947648
3321.220162,2474.905371,2399.773363,4306.509064,3344.506940,3348.392050,4246.090461,3280.645504,3294.601430
3296.930944,2422.167329,2319.568560,4305.571886,3350.065747,3348.881208,4241.011844,3296.065057,3288.964497
3273.247268,2456.720963,2362.014543,4301.786053,3348.352570,3348.251230,4232.428953,3307.177047,3282.363777
3763.846940,3008.282200,2885.389721,4221.464365,3253.859077,3290.771673,4019.515264,2989.652632,2965.055490
3253.993549,2398.254563,2320.550209,4303.572935,3349.024344,3347.769498,4217.474436,3278.322731,3287.280156
3720.473780,2635.839244,2144.993805,4202.575946,3283.889055,3265.208345,3988.172255,3069.988161,2950.431812
3570.705650,2613.000429,2445.037246,4263.278842,3323.917277,3315.543660,4137.769651,3161.996900,3117.609442
3734.518805,2589.219207,2066.597503,4201.465816,3285.867289,3261.475917,3967.065118,3051.848554,2936.106974
3505.432402,2918.565427,2675.347079,4273.155698,3310.350332,3326.094610,4139.000864,3178.143010,3170.496808
3602.998515,2679.083786,2429.545092,4256.444303,3317.819614,3314.298285,4104.342122,3175.038207,3116.222855
3620.711441,3021.782436,2760.553312,4262.197787,3294.496954,3324.592624,4072.872952,3028.925599,3144.816745
3719.834836,2725.778622,2260.047452,4213.212255,3294.650523,3272.808848,3980.563880,3103.738578,2961.553689
3400.551819,2757.556598,2566.576979,4285.136349,3322.348644,3331.230808,4157.464252,3232.431143,3198.661317
3444.963208,2739.797644,2853.733979,4281.842722,3331.846136,3316.414207,4164.010894,3203.864673,3158.816352
3543.817197,2979.694985,2734.183996,4271.594788,3301.830699,3324.343963,4109.745934,3112.428913,3129.632319
3484.650172,2870.657656,2639.032096,4278.932731,3314.152651,3329.097876,4141.437633,3187.837237,3182.931915
3459.717841,2829.980456,2959.690958,4276.775026,3321.153500,3306.502608,4161.605047,3181.049580,3112.603991
3509.803854,2802.217408,2919.876047,4275.751772,3327.419670,3309.646719,4161.815077,3209.848348,3112.971426
3707.537154,2705.352115,2288.983178,4211.324033,3297.477563,3279.612442,3991.381373,3098.341652,2985.132355
3693.972147,2706.211477,2257.017411,4216.959227,3296.064371,3280.966775,4008.535937,3106.488677,3010.363361
3712.809898,3078.371828,2814.122764,4251.432486,3276.642346,3313.226436,4093.246332,3031.903578,3106.362989
3404.599213,2626.264890,2361.946359,4270.212472,3307.709307,3317.132826,4113.624743,3131.328176,3190.787809
3506.576888,2993.916875,3083.753753,4230.484193,3289.755605,3269.122536,4021.216476,3080.549248,3026.768119
3680.932207,2641.372584,2338.205556,4239.053465,3302.089471,3293.590621,4050.884825,3158.711448,3088.544041
3672.856505,3065.143241,2783.912281,4256.703471,3283.053860,3317.638225,4117.861772,3024.856350,3124.262808
3456.380038,2880.655113,3021.123330,4270.671409,3317.905675,3305.920743,4118.569898,3133.579278,3119.155842
3663.649329,3095.088635,2874.267211,4231.912377,3275.359730,3291.446961,3959.964989,3022.175816,3030.346751
3526.227330,2604.489448,2459.462164,4274.406743,3325.137377,3319.873223,4138.315207,3187.236959,3137.627670
3726.820005,3055.166634,2843.087124,4226.514086,3259.863411,3298.175651,4045.254634,3003.637426,3017.007896
3717.596695,2496.264671,1922.572745,4198.142005,3264.961281,3252.553743,3914.961444,3042.239904,2992.020843
3630.928881,2697.368469,2406.550863,4252.007421,3313.348110,3304.999275,4111.979730,3160.322197,3078.561593
3434.056733,2867.525825,3045.153680,4260.831194,3319.169540,3299.078414,4102.173016,3124.314402,3117.792956
3521.036180,2591.191210,2443.599826,4271.342281,3328.339258,3323.142884,4121.594234,3201.239723,3142.363873
3527.200361,3005.226159,3064.680479,4219.734137,3280.275291,3264.672975,3986.008812,2997.501271,2923.703446
3515.742387,2600.133455,2458.358144,4278.114377,3333.156296,3329.599131,4131.299706,3207.697271,3176.752861
3692.075016,2658.028426,2327.218032,4232.549492,3298.482592,3287.471720,4033.233684,3145.463440,3071.140525
3655.208864,3086.903357,2875.947681,4228.912501,3269.271759,3285.967663,3968.150637,3038.821507,3006.081071
3535.129355,2962.616271,3046.096691,4218.636345,3275.828704,3260.484289,3963.731635,3009.086159,2927.247884
3308.671986,2589.888629,2555.172891,4290.740735,3326.242662,3329.141334,4148.538347,3191.681811,3210.158648
3435.419878,2662.692350,2791.864906,4290.068127,3339.617286,3319.119017,4182.473760,3255.339686,3180.843146
3723.398521,3089.444024,2817.655012,4247.052255,3277.834308,3309.363413,4021.452288,3026.013085,3074.272709
3547.520383,3020.487056,3060.400088,4223.169143,3280.278236,3265.837696,3995.947953,3008.470722,3006.312758
3745.555490,3042.168490,2938.149973,4226.883401,3256.387803,3293.874073,4042.322749,2958.920127,2991.061806
3374.021257,2494.192155,2429.237666,4290.010723,3339.920180,3336.791089,4177.107371,3199.020506,3244.739501
3497.076235,2983.880993,3091.120183,4241.643458,3302.784766,3275.646025,4057.155547,3130.837843,3047.088977
3723.923621,3068.532145,2926.340600,4241.051968,3266.656435,3310.063148,4029.892483,3007.880805,3080.860437
3664.599404,3044.026293,2932.210578,4216.442324,3252.818927,3279.086617,4013.409725,2940.737344,2989.497004
3343.418053,2619.657725,2571.415246,4284.838998,3327.087289,3324.944097,4163.971346,3213.529671,3218.727605
3524.847898,2997.782390,3062.911583,4225.069261,3287.795530,3266.212851,4019.516176,3033.085508,3020.790606
3708.339622,3046.640703,2846.060102,4231.374315,3262.377777,3303.222915,4045.245380,3032.775396,3041.036247
3392.513544,2682.645593,2535.507440,4291.400957,3332.991065,3336.610311,4189.375413,3243.631831,3247.790477
3524.343658,2992.666420,3091.676881,4235.534952,3289.164830,3273.856262,4035.485504,3095.216474,3046.657031
3493.493324,2985.475996,3098.725162,4242.268720,3304.847597,3284.392193,4042.224719,3133.822725,3044.182899
3506.946953,2982.051069,3087.162161,4242.436517,3298.679901,3274.097494,4029.137551,3122.309982,3056.208530
3710.346403,2500.978251,1917.000729,4195.161818,3267.674654,3255.229562,3905.050138,3038.744431,2993.589694
3708.792122,2687.099244,2336.914179,4235.445030,3300.153704,3288.879167,4026.149130,3158.425402,3074.250126
3395.122341,2594.417102,2660.782739,4296.932033,3343.997726,3328.965467,4198.938539,3278.476833,3225.297769
3697.384117,2698.637822,2326.251344,4225.609164,3297.086249,3285.915055,4003.829058,3153.335626,3056.956739
3729.690615,3035.048444,2901.253943,4234.326314,3263.054949,3306.647151,4005.282037,3011.489848,3059.460962
3419.095676,2547.242836,2448.474693,4286.402084,3337.613115,3334.932822,4167.216996,3221.194316,3212.565704
3461.172057,2598.058636,2467.713078,4260.887103,3315.775239,3315.877437,4077.644644,3182.975799,3059.112961
3502.886654,2999.138867,3106.126238,4250.426710,3306.575428,3291.217435,4103.587016,3122.398387,3057.700371
3528.507480,2955.965498,3063.656348,4220.355427,3272.045436,3260.957496,3977.257577,3001.242169,2915.212302
3727.757626,3033.659288,2979.964830,4224.315643,3250.954127,3287.022409,4054.988322,2967.307837,2946.302065
3710.574119,3027.297897,2944.812623,4225.911917,3253.609587,3289.659006,4059.399600,2962.848675,2959.718181
3526.538946,2969.512092,3058.537757,4220.208203,3274.416848,3261.430864,3970.524094,3009.757401,2916.461566
3664.358121,2620.825845,2354.369564,4237.111060,3305.405971,3299.314544,4050.035281,3151.273645,3088.027288
3349.850363,2620.896619,2569.913408,4284.439130,3327.454647,3324.286026,4158.415870,3211.921911,3215.969119
3657.285970,3045.531310,2933.041567,4219.114372,3252.883449,3282.931760,4012.918106,2948.629573,3005.568981
3459.566789,2940.219095,3085.602722,4242.908082,3306.846059,3279.923415,4043.347279,3140.879044,3045.258265
3752.094254,3040.000905,2887.206512,4226.172354,3255.626050,3294.939714,4030.468145,2984.345113,3003.145774
3312.295447,2592.790064,2548.901730,4290.140300,3326.365514,3329.030074,4142.560278,3189.402345,3213.634182
3309.967054,2573.426573,2505.420571,4292.195377,3331.017265,3333.838560,4180.153702,3237.586029,3237.268151
3345.891102,2583.140274,2525.993324,4286.730861,3330.047377,3328.170922,4165.214728,3200.866046,3248.995591
3329.694150,2583.909434,2543.208961,4285.767437,3328.829572,3326.180091,4160.629759,3215.911058,3228.360949
3657.142834,2682.623057,2387.115814,4244.032835,3309.148052,3300.790768,4063.228517,3157.337763,3088.480037
3298.522371,2595.145189,2542.818371,4291.504331,3329.014810,3332.324194,4178.113384,3217.984671,3221.181472
3728.384846,3033.108902,2979.647705,4224.055803,3251.469746,3287.447024,4049.080532,2969.108340,2958.001488
3716.315817,3111.474407,2885.244092,4237.435458,3270.927941,3299.757074,4005.111985,3012.387772,3065.383956
3459.299352,2967.157751,3116.076861,4256.103668,3313.647191,3288.964847,4093.599981,3087.454828,3040.683756
3668.290983,3044.411123,2937.901691,4216.590384,3252.335963,3279.887102,4005.190749,2941.949104,2977.578727
3656.089722,3048.694493,2934.358654,4219.396973,3253.151973,3282.295688,4019.187321,2957.639220,3003.747326
3348.472722,2581.267613,2516.034626,4287.118358,3330.199094,3328.919705,4167.645655,3204.752882,3250.808998
3409.732146,2963.583999,3133.163100,4254.374804,3303.907924,3284.481413,4064.665967,3080.373128,2994.291064
3406.369144,2963.360713,3130.145741,4253.504024,3303.947708,3284.946062,4054.282693,3069.398624,3014.180339
3353.802794,2567.934932,2480.140887,4292.472961,3332.255903,3335.369262,4192.864752,3228.584365,3260.927866
3339.787298,2590.916272,2539.956408,4285.702845,3329.335884,3327.170510,4153.664846,3215.035648,3243.684978
3662.684471,3053.432677,2969.517063,4223.749545,3254.161296,3289.396721,4036.900840,2969.645708,3002.511286
3657.938736,3059.105042,2958.450797,4218.279080,3253.134769,3288.202296,4030.649641,2985.413105,3018.980587
3446.944604,2939.305552,3101.656542,4257.009872,3314.876719,3293.092679,4102.106656,3132.187289,3069.209809
3359.161281,2611.718964,2556.463857,4285.785975,3329.264705,3326.659986,4153.492615,3211.437028,3237.885695
3360.603698,2612.642682,2478.098801,4298.974372,3336.850939,3341.490611,4200.973787,3259.704737,3261.749383
3355.425928,2581.893642,2508.812444,4289.248791,3331.311888,3330.471448,4173.960179,3211.229867,3252.850824
3452.527058,2958.359323,3110.297250,4257.599004,3314.521878,3291.675310,4103.979024,3114.373093,3071.020978
3253.126699,2437.394091,2341.432899,4302.415433,3348.710124,3348.103382,4237.725655,3305.160855,3281.594915
3720.056131,3080.490603,2895.769848,4245.123771,3269.601015,3307.298101,4030.408374,3008.528111,3056.768018
3714.431369,3109.597550,2881.344705,4236.806922,3270.817612,3299.818065,3998.113667,3007.411092,3055.105522
3715.502541,3050.557289,2992.830683,4226.645621,3253.124099,3289.252636,4066.127962,2985.526625,2965.963718
3331.719430,2605.620289,2555.591077,4285.024060,3327.171608,3324.988005,4159.973981,3209.584078,3217.569848
3305.840637,2571.660461,2499.312465,4292.260132,3331.367500,3334.242882,4184.230171,3234.270810,3239.680676
3355.183863,2580.618704,2496.286441,4291.095234,3331.182863,3332.680893,4181.642494,3216.522667,3255.878662
3301.431681,2593.549791,2546.822685,4291.011197,3328.370919,3330.471284,4172.297064,3202.538042,3217.023440
3465.104064,2972.208052,3124.383588,4255.244171,3313.177943,3287.370269,4081.884495,3084.103161,3030.395649
3454.820608,2965.336654,3113.809368,4256.729484,3312.500911,3288.811582,4097.279183,3083.255966,3048.578829
3349.368226,2596.308687,2538.068740,4285.338128,3328.030908,3326.228689,4150.945791,3206.935551,3238.262408
3342.740569,2588.922729,2537.856808,4286.551587,3329.242624,3326.362633,4157.161684,3213.203567,3242.105804
3333.411513,2596.247469,2541.693615,4284.759473,3326.746307,3323.934399,4159.127443,3212.724949,3219.708982
3763.457135,2999.077432,2880.585724,4220.797286,3253.147936,3289.868146,4016.870462,2995.126340,2962.911114
3279.774858,2465.348038,2370.313157,4301.183831,3347.413787,3346.948839,4239.307862,3301.241789,3273.111015
3468.343553,2954.930752,3079.757318,4245.112259,3309.499714,3287.360058,4078.048607,3124.033618,3065.726491
3283.842401,2476.333933,2379.714362,4300.092714,3345.464639,3345.853724,4238.441527,3298.287544,3274.394823
3360.633482,2523.300316,2441.405592,4301.091453,3345.070242,3346.166969,4233.722856,3287.882745,3294.684503
3704.718779,3100.733647,2868.534979,4239.626169,3274.244709,3302.061270,3987.506335,3017.060263,3058.687996
3528.728515,2962.851293,3060.551281,4220.139486,3273.762317,3261.441363,3970.484037,3007.001346,2915.364781
3728.007068,3039.829518,2983.915080,4224.740609,3251.986715,3287.624228,4055.792884,2966.739238,2953.999147
3401.558365,2975.863176,3125.215482,4250.686240,3302.906088,3283.623119,4046.436193,3065.632061,3001.090471
3296.606007,2545.999484,2472.124010,4290.265305,3335.720648,3335.999764,4180.313397,3260.953942,3247.071639
3344.380592,2571.613831,2501.177337,4288.210039,3331.197240,3329.523041,4163.297166,3205.344950,3254.258646
3351.164609,2571.630227,2480.497115,4292.157441,3331.872980,3334.475207,4195.298506,3222.051304,3264.230935
3326.085271,2595.659130,2512.894893,4292.141860,3332.907325,3337.021191,4167.023303,3239.236150,3258.658623
3339.789809,2568.847525,2513.133230,4285.962170,3329.548252,3327.977505,4161.251786,3205.286744,3247.943610
3347.663644,2551.815212,2469.662570,4296.338028,3339.743502,3343.200541,4197.606161,3261.249957,3284.112180
3322.907909,2473.243380,2394.432413,4306.164043,3344.079020,3348.474946,4242.463171,3280.624680,3293.901657
3429.681725,2977.319244,3137.251166,4258.907907,3307.281125,3283.979173,4078.355940,3062.142777,3026.980554
3320.673086,2601.050137,2542.072472,4293.402664,3333.224448,3335.323279,4178.886323,3236.311051,3250.818858
3348.994236,2573.076738,2498.692919,4289.988983,3330.753783,3331.701184,4176.186693,3211.872540,3255.865210
3316.757357,2580.781432,2506.472525,4292.899447,3332.071907,3335.893921,4169.735561,3235.457564,3250.557830
3714.657339,3044.821634,2986.800685,4226.744097,3251.432723,3288.630473,4066.384426,2972.044503,2970.782052
3353.923855,2599.125090,2538.128208,4284.958585,3328.863527,3326.618485,4145.378617,3207.093153,3239.453631
3297.730525,2563.735844,2491.400500,4293.136026,3332.870478,3334.911784,4182.164239,3242.129310,3242.591296
3753.199824,3039.705893,2894.678402,4225.887173,3255.785924,3294.829331,4032.613942,2991.019988,3001.198609
3265.175835,2402.448963,2325.583168,4302.249347,3348.728070,3347.499944,4211.045967,3269.365412,3287.489558
3356.483904,2547.581570,2469.222375,4295.637490,3335.399123,3338.194007,4207.291833,3246.154368,3270.540224
3341.428577,2578.275852,2476.537213,4295.046938,3336.013411,3339.983089,4187.290297,3247.557301,3283.689447
3270.150847,2450.817792,2355.443399,4301.008927,3347.307759,3346.522436,4239.410381,3303.828007,3279.788054
3746.989385,3033.818610,2877.710287,4225.287433,3254.793704,3294.468890,4033.430029,2987.847894,2999.306582
3734.805299,3096.506811,2874.255630,4245.499729,3273.899660,3309.297177,4036.075977,3023.541094,3066.207089
3718.752873,3038.506512,2983.166111,4224.889998,3251.979181,3288.346486,4058.420890,2975.970646,2953.850754
3702.800713,3099.802842,2855.304691,4242.536270,3275.886966,3305.556944,4011.800549,3027.964023,3052.884216
3345.855389,2573.114997,2503.728523,4288.886196,3330.944832,3329.773430,4171.314561,3207.465439,3253.386057
3345.856245,2547.339210,2465.686163,4298.395233,3340.392613,3344.637113,4205.270911,3260.214313,3294.862040
3661.415562,3042.152440,2932.445823,4220.106554,3254.438497,3285.775665,4007.153232,2960.523345,3005.661444
3722.733040,2510.042334,1943.392570,4197.991037,3266.220418,3253.590002,3895.155682,3040.529596,2990.721996
3304.088584,2571.000694,2503.188978,4292.857494,3332.185432,3335.789224,4169.667038,3236.697923,3249.669477
3340.943398,2565.464747,2466.507252,4295.633716,3337.970380,3341.067431,4187.942168,3249.024721,3282.112330
3724.846356,3091.199983,2867.046485,4245.989186,3272.581553,3308.878968,4030.724917,3018.026411,3064.765850
3757.239828,2980.859773,2877.022935,4219.314123,3252.389513,3287.758875,4022.793223,2991.235065,2967.469332
3343.569308,2545.184798,2463.691618,4296.859876,3339.589615,3343.525692,4200.512891,3263.445470,3286.263779
3277.415903,2499.166001,2407.949636,4295.346017,3341.399916,3342.217103,4219.975741,3288.391683,3253.293856
3338.155112,2566.051790,2438.144832,4305.160455,3341.245488,3345.243520,4226.600744,3284.646360,3286.358612
3442.085294,2987.613690,3145.136136,4256.939127,3305.033281,3281.688553,4091.665320,3079.931252,2988.033673
3337.016830,2576.630550,2478.211224,4294.213252,3336.312184,3339.559004,4180.375722,3246.969582,3279.101147
3709.383083,2483.361236,1877.429947,4195.213444,3266.687204,3253.021700,3907.226936,3043.111305,2990.887391
3307.630916,2573.892466,2508.649995,4293.049086,3333.378803,3335.235597,4177.840480,3234.756058,3246.404404
3761.908652,3004.324921,2885.457499,4221.164099,3253.654433,3290.666010,4022.748154,2986.109059,2971.942138
3709.445488,3105.227823,2872.903376,4239.906294,3274.545746,3302.079463,3985.552149,3026.173494,3059.728157
3426.314292,2969.731143,3137.985402,4257.260524,3309.482789,3283.380379,4066.225048,3058.337229,3019.704367
3727.559007,3104.086567,2886.202101,4244.575360,3273.158086,3306.224051,4022.931942,3027.199743,3052.259309
3331.339975,2526.805593,2455.037199,4297.991514,3337.815030,3338.584964,4230.698370,3253.955896,3268.124468
3285.512949,2474.780343,2384.369818,4300.927668,3347.118339,3346.581866,4240.100642,3301.525153,3279.158205
3340.209908,2580.987835,2472.375940,4293.798833,3334.521013,3337.934029,4172.671630,3239.842515,3273.962253
3445.544137,2996.441742,3148.996199,4257.732775,3305.809787,3283.646709,4084.774413,3077.745245,2999.572568
3423.967994,2973.125638,3135.740826,4258.558448,3305.389061,3281.310497,4088.606417,3072.496216,2993.401384
3280.821960,2425.023090,2349.774101,4302.398389,3348.764826,3347.110486,4215.614047,3271.065194,3285.161103
3255.826736,2398.827962,2322.036322,4303.287772,3348.793632,3347.866171,4220.042215,3280.330459,3288.549022
3711.166118,2487.510880,1900.844412,4196.218917,3265.382271,3252.932865,3908.633202,3046.699179,2995.162741
3333.214454,2517.488298,2442.850200,4297.540226,3338.694904,3338.090936,4234.501767,3251.027005,3266.361535
3479.133068,2968.859994,3127.113672,4254.051939,3314.764782,3286.146333,4069.277130,3098.196190,3027.462638
3432.702253,2982.401830,3141.485904,4258.052243,3306.994524,3280.757564,4070.099988,3067.321243,3000.589641
3349.449960,2553.315582,2472.667707,4297.143244,3339.902408,3344.087204,4194.993969,3259.242277,3289.506221
3332.807196,2588.927737,2493.606225,4291.699236,3334.373920,3338.200587,4170.714519,3243.271443,3263.427669
3456.840854,2954.113773,3107.537452,4257.349519,3314.429044,3293.806310,4104.291578,3126.552595,3077.311868
3261.038554,2404.205831,2330.023991,4303.403858,3348.593834,3347.832710,4220.147624,3280.466338,3288.978365
3347.388159,2570.022119,2485.226095,4295.949263,3338.965247,3341.324705,4191.243309,3247.559227,3284.635722
3731.025171,2521.530368,1973.925613,4198.895135,3265.355254,3254.019483,3900.081366,3031.390671,2986.165024
3351.063275,2564.936904,2486.139281,4297.291956,3339.597655,3343.208289,4196.137027,3257.524892,3285.433968
3347.012716,2555.059988,2471.822841,4296.602041,3339.275883,3343.059544,4200.244515,3253.567480,3280.354495
3281.260988,2470.231985,2378.530829,4301.676012,3348.074364,3348.764607,4231.999121,3304.195753,3284.075199
3718.255653,2512.032383,1950.233854,4197.775759,3265.385376,3253.660790,3891.130424,3037.805232,2983.793672
3713.151385,3100.457686,2869.150530,4241.238973,3272.653756,3302.482275,3991.821786,3021.415955,3061.112817
3424.732033,2975.777192,3139.812984,4258.187796,3306.169771,3282.661391,4070.318152,3052.738352,3017.686622
3357.245869,2561.284140,2483.771706,4298.016823,3340.531395,3344.657984,4199.198355,3256.778980,3294.925180
3334.536584,2535.576327,2449.401997,4298.927779,3340.813110,3344.846001,4208.135153,3267.248091,3291.867277
3715.603401,3109.255864,2875.626214,4236.878863,3271.459719,3299.936021,3996.181258,3007.716253,3056.858097
3758.109174,3016.777713,2875.113119,4221.923615,3253.940481,3291.001764,4018.049994,3002.861203,2964.074152
3730.517709,3093.125613,2874.986441,4245.782014,3272.383218,3307.883171,4026.920606,3033.437860,3060.124387
3456.929676,2948.924916,3104.069708,4258.047421,3315.091973,3291.979820,4103.634961,3128.914959,3065.752424
3723.193499,2497.801259,1935.913229,4199.167685,3263.838119,3252.446071,3903.057193,3037.935079,2992.764702
3713.652581,3103.411826,2873.940857,4240.564442,3272.630695,3301.705886,3992.841754,3023.347560,3060.369560
3278.490610,2421.465545,2333.722223,4300.589732,3349.260885,3344.921327,4221.296372,3276.033617,3286.132853
