obj_rms: mean: [ 783.3938   566.8549   544.5948  1071.0002   833.00104  833.50433
  856.93854  641.56134  644.0341 ] var: [110287.27   63740.24   61138.08  187669.22  113524.55  113711.28
 124277.39   69808.38   70622.734]
obj_rms: mean: [ 863.19794  617.94604  544.38336 1067.7811   831.48914  829.72327
  822.33655  617.7153   606.1011 ] var: [126137.99   69990.05   61216.28  185552.52  112392.5   112004.42
 115315.89   64325.61   62637.715]
obj_rms: mean: [ 861.4392   619.4559   550.72485 1069.2203   832.42896  830.89197
  826.0886   619.6834   609.56793] var: [125509.16   70256.664  61707.3   185437.03  112293.58  111951.086
 115826.72   64553.258  63078.355]
obj_rms: mean: [ 831.837    661.90137  693.3846  1067.9633   830.38275  831.26715
  823.5833   608.8979   608.2754 ] var: [115855.19   74417.17   81431.2   185323.36  112123.14  112536.
 114511.555  62940.23   64223.594]
obj_rms: mean: [ 839.14636  696.6061   654.24725 1062.893    830.3087   829.05756
  796.1337   607.23114  597.85474] var: [118475.516  82245.97   74337.984 183606.56  112204.04  111617.82
 108245.11   63291.203  61112.516]
obj_rms: mean: [ 839.07654  696.6253   654.269   1062.8271   830.26855  829.0106
  795.90857  607.10333  597.6845 ] var: [118433.42   82223.25   74318.055 183551.45  112173.52  111584.79
 108182.02   63261.21   61074.574]
obj_rms: mean: [ 840.2631   693.68896  650.82355 1064.927    831.26965  830.42365
  804.893    612.0532   605.5688 ] var: [118786.9    81975.36   74169.56  183948.45  112245.14  111778.23
 110168.195  64071.87   62382.44 ]
obj_rms: mean: [ 840.8722   693.5796   651.2968  1064.6001   831.09875  830.07184
  804.89905  612.6985   604.44995] var: [119274.     82212.55   74422.2   184273.58  112463.83  111953.63
 110396.82   64295.094  62371.438]
obj_rms: mean: [ 824.6284   645.48236  671.22577 1072.2551   833.4426   834.20435
  843.6791   625.6941   629.0495 ] var: [115489.04  73027.33  79138.42 186477.86 112739.27 113029.21 119606.45
  66080.05  67372.2 ]
obj_rms: mean: [ 840.2659   690.21985  648.6002  1066.2445   831.7119   830.96045
  811.94415  615.8479   609.021  ] var: [119105.48   81663.58   74133.766 184412.05  112379.984 111948.05
 111826.336  64740.73   63050.184]
obj_rms: mean: [ 787.40485  578.6009   560.5399  1063.1909   826.83704  827.1709
  850.76245  636.1034   637.9602 ] var: [111802.36   66149.78   64063.844 187752.9   113555.71  113697.4
 124001.15   70079.08   70205.984]
obj_rms: mean: [ 782.8246   566.42554  543.2253  1063.3596   827.0166   827.0017
  851.6447   636.4827   636.61725] var: [110771.516  63535.97   60442.1   187818.4   113607.484 113652.23
 124522.6    69951.78   69973.81 ]
obj_rms: mean: [ 782.4078   571.3493   553.98785 1063.3702   827.11554  826.97876
  851.63806  637.5404   636.311  ] var: [110676.52   64753.73   62638.625 187811.73  113635.67  113645.81
 124484.61   70354.64   70045.16 ]
obj_rms: mean: [ 869.3903   619.20355  537.2871  1066.8936   831.10815  829.10114
  814.77405  613.391    599.7535 ] var: [127103.23   69510.21   59784.805 184909.27  112051.914 111617.35
 113314.875  63303.285  61294.934]
obj_rms: mean: [ 775.9002   562.08704  539.04553 1063.2227   827.0163   827.23413
  850.87463  637.0122   638.2656 ] var: [109212.11   63217.99   60552.664 187767.53  113608.08  113716.984
 124318.06   70142.08   70467.234]
obj_rms: mean: [ 813.95026  619.4552   631.13763 1073.5614   834.4825   834.6923
  855.6602   636.138    636.9052 ] var: [114887.59   70332.25   73128.76  187315.56  113208.195 113302.83
 123039.14   68053.07   68523.95 ]
obj_rms: mean: [ 794.16656  588.638    581.3886  1067.9824   830.41766  830.63214
  855.79376  638.2782   639.4863 ] var: [113968.89   67803.61   67316.375 190187.72  114997.234 115087.71
 126263.11   70383.46   70699.49 ]
obj_rms: mean: [ 804.714    601.11554  583.001   1076.043    836.88544  836.7806
  860.3716   642.8297   642.61053] var: [112925.48   68330.46   66065.18  187490.1   113412.164 113395.65
 123773.72   69224.086  69316.41 ]
obj_rms: mean: [ 809.7805   615.32544  593.34467 1072.2156   833.9851   833.6237
  854.57526  639.11     636.9353 ] var: [115064.25   70995.97   67754.79  188393.22  113990.39  113891.8
 123802.9    69159.15   68889.305]
obj_rms: mean: [ 806.59644  607.22687  587.97363 1072.6504   834.23193  833.92065
  856.7088   639.6099   638.34155] var: [113969.25  69422.4   66787.82 187527.4  113436.35 113365.2  123681.65
  68957.42  68805.57]
obj_rms: mean: [ 803.172    601.7183   607.35065 1072.9465   833.9787   834.0935
  858.8308   637.80664  639.1919 ] var: [113492.4    68100.016  69747.18  187607.84  113366.8   113433.836
 124185.15   68630.01   69054.17 ]
obj_rms: mean: [ 806.581    608.2911   616.2057  1072.5593   833.7305   833.8444
  857.15283  637.0963   637.9256 ] var: [114598.34  69379.7   71423.08 188487.44 113909.64 113983.06 124517.87
  68735.47  69337.21]
obj_rms: mean: [ 802.4962   598.29395  598.79114 1076.309    836.6891   836.91077
  862.0523   641.5738   643.2711 ] var: [112789.55   67517.336  68432.65  187561.66  113362.484 113446.1
 124284.92   68997.12   69464.15 ]
obj_rms: mean: [ 795.7705   590.15564  571.22565 1067.7246   830.4467   830.5465
  854.38654  638.58575  639.1326 ] var: [113761.2    68151.67   65807.83  190108.    114997.664 115052.5
 125785.98   70491.98   70632.11 ]
obj_rms: mean: [ 797.797    586.97284  568.0275  1067.9176   830.6778   830.73706
  855.4672   640.3973   640.5    ] var: [114666.56   67634.67   65381.383 190175.1   115066.016 115110.95
 126161.27   70846.76   71026.21 ]
obj_rms: mean: [ 809.003    591.71796  571.6691  1073.0188   834.278    834.2449
  858.9577   640.03015  640.433  ] var: [114854.21   67165.18   64800.305 187651.86  113446.06  113451.5
 124382.25   69050.94   69247.21 ]
obj_rms: mean: [ 820.001    600.3895   575.1825  1075.7539   836.3385   836.3838
  858.9498   639.88153  640.35596] var: [116721.55   68275.04   65002.758 187401.2   113270.18  113284.62
 123565.664  68566.62   68775.92 ]
obj_rms: mean: [ 813.2318   594.93585  572.8942  1072.6681   834.0111   833.98474
  857.4898   639.1507   639.29456] var: [116247.08  67898.94  65132.55 188549.3  113983.96 113984.99 124675.1
  69202.52  69402.78]
obj_rms: mean: [ 813.1242   616.4469   625.7851  1075.6265   836.1062   836.27783
  858.29956  638.2721   639.11774] var: [114692.3    69963.484  72277.34  187328.42  113213.914 113296.18
 123275.625  68180.87   68753.52 ]
obj_rms: mean: [ 819.49396  627.94684  643.61053 1074.8536   835.5905   835.85443
  854.4936   635.08167  636.34845] var: [115400.84   71110.93   74845.43  187067.4   113088.71  113214.734
 122239.445  67665.13   68243.07 ]
obj_rms: mean: [ 841.135    611.0642   568.2792  1072.2905   834.0742   834.01434
  844.06366  629.8642   629.0621 ] var: [121628.96   70080.8    64661.273 186522.25  112832.125 112837.836
 119930.9    66735.69   66676.9  ]
obj_rms: mean: [ 828.2347   654.79443  615.1741  1073.096    835.20807  835.026
  845.1454   634.29913  632.1902 ] var: [117412.49   76708.055  69751.85  186494.14  113064.9   112921.766
 119844.83   67761.664  67157.5  ]
obj_rms: mean: [ 808.07556  592.1623   572.7758  1076.3219   836.99304  837.03064
  861.9928   643.5783   644.2283 ] var: [114110.445  67050.36   64872.3   187585.8   113440.336 113465.18
 124368.13   69360.86   69624.02 ]
obj_rms: mean: [ 829.03595  605.4346   573.89453 1074.9757   835.7456   835.85266
  854.95795  636.20087  637.0202 ] var: [118934.63   69265.89   65151.668 187144.78  113113.76  113152.86
 122603.48   67922.21   68036.305]
obj_rms: mean: [ 833.5344   666.8394   625.05334 1071.0773   833.7152   833.7768
  838.1593   629.4796   628.0996 ] var: [118504.016  78599.66   71365.13  186112.72  112914.234 112767.766
 118157.33   67119.21   66503.3  ]
obj_rms: mean: [ 815.9847   625.23254  599.3145  1075.2327   836.3191   835.9533
  855.52405  640.07196  637.599  ] var: [115181.92   71945.125  67775.09  187222.06  113291.74  113172.04
 122603.734  68615.79   68233.39 ]
obj_rms: mean: [ 809.256    587.1213   542.09863 1068.715    835.85815  832.80945
  824.465    640.1984   620.274  ] var: [113872.74   67064.34   60956.887 185172.53  113255.734 112403.29
 114618.77   68767.836  64891.137]
obj_rms: mean: [ 859.2507   620.458    556.5545  1070.3225   833.10974  831.8102
  829.48987  621.4558   612.72107] var: [125012.89  70530.92  62215.2  185602.7  112366.59 112071.81 116420.83
  64856.89  63562.  ]
obj_rms: mean: [ 822.2905   641.69885  607.6108  1074.1472   835.77875  835.444
  850.1659   637.20135  634.5459 ] var: [116308.87  74523.42  68567.53 186856.14 113182.64 113037.57 121201.32
  68185.38  67586.82]
obj_rms: mean: [ 817.0564  629.871   600.8465 1073.0763  834.6794  834.2965  852.4688
  637.7148  635.1593] var: [115543.26  72677.25  67842.22 187176.53 113291.55 113151.47 122305.03
  68461.52  67883.82]
obj_rms: mean: [ 815.51324  623.04266  636.94727 1073.0752   834.16     834.37756
  854.2323   635.00854  635.89966] var: [115456.516  70935.3    74252.61  187836.92  113535.42  113645.96
 123127.1    68107.555  68618.01 ]
obj_rms: mean: [ 825.3574   649.9538   611.83075 1071.9448   834.2411   833.9953
  845.4989   634.2975   632.1453 ] var: [117397.22   76199.01   69453.164 187108.31  113405.89  113256.26
 120647.555  68105.95   67520.01 ]
obj_rms: mean: [ 790.8445   579.6715   555.0671  1075.0177   835.6083   836.8362
  866.03735  645.19586  651.9764 ] var: [111030.445  65115.094  62486.598 187890.39  113513.42  113887.625
 126139.98   70104.87   71764.14 ]
obj_rms: mean: [ 820.6139   630.8539   648.1215  1073.3104   834.39734  834.7246
  852.04266  632.9379   634.7881 ] var: [115681.27  71505.06  75616.47 187024.92 113074.33 113219.98 121945.76
  67476.37  68223.65]
obj_rms: mean: [ 824.28217  602.34424  572.7627  1073.2019   834.2822   834.4188
  854.80194  635.893    636.92975] var: [118544.4    69073.3    65216.207 187914.73  113556.2   113604.81
 123495.9    68283.266  68511.945]
obj_rms: mean: [ 845.6512   614.1847   567.59045 1072.6182   834.4393   834.13
  842.1306   628.95715  626.3659 ] var: [122435.14   70436.24   64425.688 186331.23  112738.625 112683.9
 119195.28   66356.48   66030.12 ]
obj_rms: mean: [ 821.6872  633.6947  652.4508 1072.8374  834.0339  834.4296  850.3726
  631.7545  634.0684] var: [116039.99   71968.87   76429.73  187378.53  113294.21  113465.83
 121854.     67453.22   68313.914]
obj_rms: mean: [ 837.1259   609.4101   569.7123  1072.3258   834.0809   834.12897
  846.13477  631.34894  631.49786] var: [121098.04   70142.51   65008.9   187017.58  113135.18  113165.04
 120695.2    67208.336  67305.164]
obj_rms: mean: [ 818.60065  635.11316  603.36993 1072.4675   834.3361   833.97015
  850.3949   636.6668   634.27637] var: [116257.625  73749.74   68298.45  187658.22  113621.65  113480.35
 122248.766  68488.77   67991.69 ]
obj_rms: mean: [ 841.05206  682.4904   640.79486 1069.4158   833.0945   832.74805
  825.69495  622.6185   618.8905 ] var: [119690.55   80805.836  73495.22  185264.52  112622.1   112321.24
 114853.53   65863.86   64707.18 ]
obj_rms: mean: [ 809.5538   587.40424  540.65967 1068.3961   835.7455   832.5259
  823.45746  639.9968   619.0833 ] var: [114018.23   67163.85   60801.47  185270.81  113353.94  112450.97
 114484.21   68800.16   64737.062]
obj_rms: mean: [ 788.4112   580.89343  563.7035  1063.3055   827.13324  827.2591
  851.4286   637.75604  638.59485] var: [111878.23   66376.51   64590.32  187800.72  113639.77  113726.4
 124400.98   70280.516  70440.375]
obj_rms: mean: [ 828.93695  657.7099   617.251   1071.798    834.2336   834.11334
  842.7088   632.80176  630.8593 ] var: [117658.91  77216.78  70130.58 186429.52 113048.07 112901.18 119450.33
  67629.45  67044.35]
obj_rms: mean: [ 847.04755  615.38055  567.2494  1071.7035   833.7811   833.36053
  840.24396  627.7524   624.3683 ] var: [122789.52   70634.75   64357.29  186284.44  112716.49  112636.66
 118952.12   66199.484  65786.36 ]
obj_rms: mean: [ 823.5841   637.19336  657.7076  1074.0437   834.9916   835.474
  849.9435   631.53064  633.9495 ] var: [115741.14  72116.1   77004.99 186782.58 112944.14 113146.24 121064.61
  67057.93  68000.26]
obj_rms: mean: [ 830.3262   660.9445   619.988   1071.3145   833.85895  833.81146
  841.12396  631.4631   629.74945] var: [118176.16  77899.77  70736.08 186680.1  113217.27 113072.6  119224.83
  67592.36  66990.57]
obj_rms: mean: [ 786.16656  578.7219   565.4297  1063.3704   826.9985   827.19025
  851.8274   636.31885  637.89386] var: [111575.375  65969.086  64571.54  187817.53  113601.21  113712.06
 124612.016  70076.39   70219.195]
obj_rms: mean: [ 855.75775  619.87006  562.1748  1071.0825   833.5168   832.52106
  833.4972   623.7076   616.84656] var: [124418.586  70697.15   62981.58  185847.2   112481.45  112256.27
 117314.6    65307.812  64306.32 ]
obj_rms: mean: [ 832.36554  607.5436   572.2462  1072.836    834.2748   834.3446
  850.34735  633.6967   634.25323] var: [120220.43   69904.84   65229.797 187417.77  113326.81  113358.66
 122089.17   67792.49   67928.04 ]
obj_rms: mean: [ 823.3149   639.0032   661.05835 1072.7777   834.00085  834.55457
  847.52655  629.8199   632.43353] var: [115712.766  72366.35   77589.71  186728.52  112912.07  113137.41
 120681.98   66864.96   67886.49 ]
obj_rms: mean: [ 848.88904  616.84424  567.0324  1071.287    833.4924   832.98987
  838.63446  626.6351   622.76575] var: [123350.27   70900.16   64286.395 186443.81  112816.21  112715.3
 118765.9    66065.66   65566.17 ]
obj_rms: mean: [ 823.68536  645.6749   609.54    1072.5066   834.5904   834.3237
  847.2785   635.2971   632.9931 ] var: [116765.5   75287.87  68937.33 186783.9  113173.08 113030.57 120785.6
  68057.08  67504.19]
obj_rms: mean: [ 842.8901   612.1886   567.5755  1071.8867   833.79785  833.63574
  842.6348   628.93884  627.3652 ] var: [122172.61   70289.48   64582.64  186731.86  112962.75  112945.4
 119755.484  66630.36   66471.05 ]
obj_rms: mean: [ 839.88245  610.70215  569.1805  1073.2922   834.84656  834.8522
  845.7558   631.2376   630.8536 ] var: [121248.734  70052.34   64727.008 186557.5   112859.64  112876.53
 120182.016  66907.2    66906.39 ]
obj_rms: mean: [ 824.8732   647.1407   673.6818  1071.8328   833.08606  833.8745
  842.2801   624.297    627.3554 ] var: [115606.66  73324.63  79616.8  186679.08 112855.14 113159.35 119434.09
  65950.4   67248.87]
obj_rms: mean: [ 810.23285  594.7983   559.0308  1069.382    832.7114   832.84467
  827.20337  620.77106  621.8854 ] var: [111711.86   64617.758  60217.574 185701.39  112635.24  112651.18
 115527.26   65193.105  65516.54 ]
obj_rms: mean: [ 821.8859   601.2599   573.80286 1073.71     834.66486  834.76483
  856.5349   637.3139   638.0225 ] var: [117550.54   68656.04   65093.984 187395.36  113249.43  113276.71
 123430.414  68354.41   68486.54 ]
obj_rms: mean: [ 805.7523   588.9503   552.61316 1070.0531   833.2211   833.39014
  831.3214   624.27844  625.74774] var: [110984.95   64019.387  59658.844 185996.81  112800.48  112830.23
 116615.66   65870.09   66209.34 ]
obj_rms: mean: [ 807.9593   586.1411   546.0184  1069.2833   835.87415  833.3526
  827.45807  640.544    623.6946 ] var: [113712.984  66904.914  61425.06  185393.34  113268.45  112566.49
 115460.77   68837.38   65557.47 ]
obj_rms: mean: [ 840.293    689.8435   648.1768  1066.2527   831.68506  830.9347
  812.43604  616.1559   609.4149 ] var: [119243.25   81715.69   74172.2   184605.31  112489.08  112058.734
 112065.9    64862.28   63180.45 ]
obj_rms: mean: [ 853.7364   618.975    563.3497  1070.6217   833.10846  832.23376
  834.2899   624.0366   617.9266 ] var: [124267.82   70860.83   63416.016 186164.38  112666.28  112472.17
 117751.484  65551.65   64677.473]
obj_rms: mean: [ 868.6603   619.2632   538.845   1067.5802   831.58386  829.609
  816.8034   614.67505  601.3504 ] var: [126836.53   69567.945  60028.39  184860.44  112013.75  111584.23
 113648.51   63467.723  61517.395]
obj_rms: mean: [ 832.71674  664.66534  623.141   1072.1914   834.5679   834.5742
  840.34125  631.085    629.6024 ] var: [118229.     78244.62   71019.57  186187.4   112942.32  112795.984
 118528.15   67290.16   66654.15 ]
obj_rms: mean: [ 805.82666  583.32935  546.2559  1069.9324   835.925    833.8546
  831.06165  640.79004  626.985  ] var: [113479.42   66613.75   61754.42  185638.03  113290.016 112723.91
 116388.19   68905.984  66224.   ]
obj_rms: mean: [ 836.4514   672.22217  629.9116  1071.2062   833.94556  833.98975
  835.4888   627.6568   626.2644 ] var: [118953.69   79386.05   72045.01  185850.52  112812.92  112644.24
 117238.02   66733.586  66053.69 ]
obj_rms: mean: [ 840.63763  689.26013  647.5082  1066.6317   831.89996  831.16797
  813.7935   616.9169   610.4713 ] var: [119268.02   81606.164  74071.73  184541.12  112427.23  112006.58
 112298.95   64943.33   63303.438]
obj_rms: mean: [ 836.8599   673.90594  631.50696 1070.2377   833.26117  833.2549
  833.31793  626.2573   624.64746] var: [119127.98   79684.43   72311.76  185778.92  112794.27  112605.9
 116831.58   66597.016  65850.03 ]
obj_rms: mean: [ 839.1355   678.02844  635.8817  1070.3325   833.496    833.3564
  830.5675   624.8983   622.6287 ] var: [119422.664  80227.984  72875.78  185556.94  112712.05  112476.34
 115972.125  66288.31   65358.04 ]
obj_rms: mean: [ 837.6703   675.7665   633.50586 1069.7969   832.99066  832.92285
  831.6517   625.2363   623.38165] var: [119454.19   80073.78   72697.336 185922.23  112908.1   112695.76
 116571.07   66531.41   65689.31 ]
obj_rms: mean: [ 824.89056  644.0356   668.8111  1073.28     834.3125   834.9994
  845.4405   627.65857  630.73944] var: [115553.15   72861.41   78744.59  186525.06  112781.336 113050.43
 119916.17   66334.49   67531.26 ]
obj_rms: mean: [ 859.9322   619.87427  553.7206  1069.3989   832.46906  831.06036
  827.65045  620.35144  611.0323 ] var: [125344.57   70512.94   62085.387 185697.05  112435.23  112118.2
 116273.375  64783.445  63392.406]
obj_rms: mean: [ 834.8264   669.2746   627.2728  1070.568    833.363    833.44354
  836.45935  628.1282   626.8035 ] var: [118994.47   79119.27   71834.805 186284.61  113042.33  112889.016
 117881.82   67030.87   66388.695]
obj_rms: mean: [ 825.8583   649.41815  676.6145  1072.5469   833.6403   834.4084
  841.6869   623.7087   626.23315] var: [115317.01   73425.984  79841.01  186267.88  112609.95  112914.71
 118875.22   65593.28   66864.72 ]
obj_rms: mean: [ 784.5366  574.7148  558.4161 1063.5143  826.9919  826.9558  852.6729
  636.7279  636.3262] var: [111361.81   65686.766  63903.582 187873.83  113598.79  113637.2
 124686.27   70134.29   69909.25 ]
obj_rms: mean: [ 840.1941   693.5015   650.6935  1064.8196   831.1676   830.32983
  804.9923   612.0858   605.62195] var: [118800.47   81959.25   74167.62  183956.14  112243.9   111779.945
 110232.83   64088.883  62410.312]
obj_rms: mean: [ 831.7625  661.793   693.2487 1067.9534  830.3734  831.2559  823.7113
  609.0023  608.4248] var: [115896.695  74442.51   81452.5   185399.39  112168.41  112580.53
 114588.51   62988.31   64280.13 ]
obj_rms: mean: [ 773.0511   560.31116  537.4266  1059.0363   823.7519   824.0248
  847.5956   634.2298   635.8924 ] var: [111368.03   64436.59   61724.027 191603.56  115928.98  116051.58
 126797.03   71500.53   71929.88 ]
obj_rms: mean: [ 828.0255   655.1688   684.22424 1070.3016   831.9609   832.78125
  834.35925  617.56714  619.33124] var: [115631.19   74124.375  80805.734 186064.67  112501.445 112853.69
 117408.91   64641.367  65999.375]
obj_rms: mean: [ 807.7927   591.3839   555.12604 1070.6084   833.66614  833.8266
  830.5086   623.53296  624.933  ] var: [111075.7    64167.17   59780.043 185633.64  112587.31  112610.91
 116081.09   65536.02   65866.83 ]
obj_rms: mean: [ 829.3348   659.6905   688.7598  1069.87     831.8066   832.63617
  827.42706  613.0077   613.7765 ] var: [115149.734  74412.34   80911.56  185380.84  112136.22  112499.67
 115488.336  63647.387  64901.742]
obj_rms: mean: [ 860.84515  619.0072   550.4839  1068.7634   832.07556  830.5352
  825.8825   619.5298   609.36926] var: [125701.84   70367.984  61873.83  185850.88  112543.586 112202.95
 116110.25   64736.273  63222.402]
obj_rms: mean: [ 841.0973   687.608    645.75793 1067.076    832.0214   831.38306
  816.57904  618.16565  612.4472 ] var: [119628.97   81546.27   74040.32  184897.69  112586.33  112196.29
 113094.03   65238.953  63716.51 ]
obj_rms: mean: [ 823.5761   641.1769   664.702   1072.3339   833.61444  834.2449
  846.04865  628.1501   631.1935 ] var: [115851.81   72752.06   78334.35  186994.    113067.016 113318.53
 120528.21   66734.06   67840.47 ]
obj_rms: mean: [ 787.28326  570.41254  547.326   1072.8123   834.39325  835.01984
  859.5297   642.7823   646.6553 ] var: [110819.82   64235.03   61431.2   187601.27  113463.055 113672.31
 124811.71   69755.54   70739.25 ]
obj_rms: mean: [ 860.95416  619.4558   551.48145 1069.2821   832.45605  830.9425
  826.5571   619.93317  609.95807] var: [125528.98   70362.98   61884.695 185644.31  112415.31  112079.055
 116045.586  64684.234  63193.863]
obj_rms: mean: [ 835.1846   608.5723   571.51917 1074.0216   835.29675  835.37244
  850.0354   633.77295  634.18744] var: [120277.016  69796.02   64948.617 186813.06  112987.62  113022.49
 121265.4    67424.83   67557.61 ]
obj_rms: mean: [ 808.8865   593.1557   557.18463 1069.762    833.0082   833.1586
  828.65857  621.96906  623.20953] var: [111327.56   64394.98   60008.617 185572.77  112553.12  112573.07
 115760.55   65343.16   65676.   ]
obj_rms: mean: [ 857.63464  620.0172   558.33636 1069.9279   832.738    831.5447
  830.2706   621.73944  613.67834] var: [124921.05   70623.22   62475.926 185886.72  112527.03  112257.16
 116882.72   65068.637  63892.363]
obj_rms: mean: [ 770.99646  558.8921   536.01    1056.7683   822.01     822.2979
  845.7096   633.0062   634.3918 ] var: [112073.695  64889.168  62122.88  192783.38  116644.74  116776.74
 127632.625  71954.1    72437.055]
obj_rms: mean: [ 784.8074   568.11633  545.5303  1070.3109   832.43146  833.0574
  857.5316   641.0221   644.84216] var: [110886.914  64198.91   61501.582 188063.48  113741.07  113956.18
 125046.54   69930.414  70853.945]
obj_rms: mean: [ 826.73676  653.17804  681.57886 1070.414    832.0213   832.8117
  836.2786   619.13684  621.1529 ] var: [115534.4    73995.41   80571.67  186243.83  112604.8   112938.15
 118001.766  65023.87   66344.45 ]
obj_rms: mean: [ 780.75934  565.1118   542.87506 1067.5704   830.343    830.86475
  854.2985   639.4935   641.9561 ] var: [111538.94   64412.367  61760.297 189965.19  114915.74  115110.03
 125829.9    70660.016  71522.34 ]
obj_rms: mean: [ 780.6512   565.5347   543.7412  1066.9028   829.8117   830.3715
  854.0291   639.41046  641.9192 ] var: [110940.55   64190.504  61589.5   188535.28  114051.82  114256.08
 124963.47   70184.914  71048.95 ]
obj_rms: mean: [ 826.1761   652.06824  680.0855  1070.6245   832.1814   832.9543
  837.44684  620.3521   622.3179 ] var: [115706.07   74039.555  80563.75  186649.23  112849.27  113171.34
 118499.625  65342.016  66641.64 ]
obj_rms: mean: [ 866.3968   616.7789   538.3301  1067.5293   831.60657  829.5567
  818.1586   615.8121   602.53217] var: [126503.06   69334.875  60449.63  185272.95  112264.555 111841.63
 114187.58   63807.81   61904.582]
obj_rms: mean: [ 840.9362   689.4102   647.5035  1066.0455   831.4318   830.82623
  812.9607   616.03516  610.6957 ] var: [119462.914  81702.914  74196.55  184647.72  112487.414 112097.76
 112273.14   64889.86   63440.07 ]
obj_rms: mean: [ 785.5299   568.45795  545.8999  1071.6979   833.51184  834.1088
  858.20416  641.7826   645.69556] var: [111218.06   64356.17   61619.76  188730.44  114149.195 114349.5
 125188.34   70189.37   71228.695]
obj_rms: mean: [ 784.0469   567.37244  544.7529  1069.8423   832.06134  832.6697
  856.7789   640.8247   644.49884] var: [111451.59   64497.21   61747.773 189072.6   114353.34  114559.57
 125473.16   70346.36   71257.82 ]
obj_rms: mean: [ 785.3985   568.0647   545.50665 1072.1707   833.88666  834.4784
  858.6418   642.1325   645.93384] var: [110407.12   63882.87   61190.73  187587.47  113459.695 113655.46
 124462.336  69776.04   70748.414]
obj_rms: mean: [ 840.1407   693.3278   650.5603  1064.7354   831.0807   830.2528
  805.1051   612.11993  605.66974] var: [118830.26   81956.3    74178.1   183981.81  112254.08  111792.85
 110301.93   64119.39   62446.273]
obj_rms: mean: [ 828.1876   655.3523   684.4477  1070.4061   832.0427   832.8658
  834.36444  617.53796  619.2921 ] var: [115638.66   74135.53   80825.11  186059.14  112498.83  112852.12
 117370.984  64621.816  65981.24 ]
obj_rms: mean: [ 839.30005  679.16656  637.2047  1069.458    832.9088   832.70355
  828.47     623.7829   621.07477] var: [119508.28   80405.13   73078.49  185489.11  112695.83  112439.484
 115602.5    66159.55   65154.473]
obj_rms: mean: [ 780.0454   564.02045  541.6436  1066.3241   829.3661   829.8821
  853.44434  638.4368   641.6434 ] var: [111272.164  64287.71   61580.586 189369.05  114557.98  114736.85
 125434.586  70374.07   71299.66 ]
obj_rms: mean: [ 831.7564   661.7432   693.1452  1068.0967   830.48145  831.3576
  823.99347  609.2831   608.7383 ] var: [115946.04   74479.     81480.9   185492.1   112223.86  112632.945
 114678.516  63056.645  64347.13 ]
obj_rms: mean: [ 840.9924   683.4749   641.8297  1068.5502   832.56323  832.17194
  823.59485  621.4478   617.4836 ] var: [119709.59   80968.63   73629.91  185177.83  112603.55  112286.88
 114531.984  65737.125  64542.93 ]
obj_rms: mean: [ 841.2918   686.6735   644.991   1067.3485   832.0372   831.5393
  818.25604  618.8387   614.049  ] var: [119689.71   81405.32   74007.5   184994.75  112594.84  112241.91
 113460.58   65329.844  64028.44 ]
obj_rms: mean: [ 862.35364  618.12787  546.56396 1068.3008   831.8455   830.1474
  823.7491   618.4556   607.3831 ] var: [125877.89   70044.     61505.37  185617.88  112420.3   112054.47
 115550.91   64460.645  62845.254]
obj_rms: mean: [ 781.6384   567.56006  543.51074 1063.1685   826.8967   827.06665
  850.68054  635.9954   637.14044] var: [110414.39   64250.082  61468.676 187746.77  113574.586 113669.25
 124159.29   69985.23   70154.305]
obj_rms: mean: [ 781.7728   565.55994  543.26807 1068.9363   831.4035   831.91296
  855.3297   640.26447  642.86523] var: [111079.305  64126.883  61494.04  189325.33  114528.99  114714.97
 125365.18   70392.38   71244.62 ]
obj_rms: mean: [ 827.0614   653.55194  682.05756 1070.6056   832.17377  832.96814
  836.17285  619.06104  621.03107] var: [115538.516  74008.48   80607.5   186205.67  112582.266 112918.96
 117898.16   64960.793  66289.48 ]
obj_rms: mean: [ 839.1057   696.6118   654.25616 1062.8519   830.2826   829.02783
  796.02057  607.16516  597.7632 ] var: [118456.69   82235.266  74329.07  183581.22  112190.07  111602.42
 108216.37   63277.793  61092.496]
obj_rms: mean: [ 839.9167   680.59064  638.7836  1069.0381   832.6766   832.3913
  826.9576   623.0092   619.73987] var: [119756.2    80695.484  73371.76  185610.66  112795.98  112515.984
 115402.91   66092.016  65013.227]
obj_rms: mean: [ 862.3423   619.2726   549.3758  1069.6311   832.79114  831.18506
  825.83716  619.6841   609.1495 ] var: [125577.43   70091.56   61578.    185387.81  112268.51  111915.98
 115665.586  64484.44   62917.58 ]
obj_rms: mean: [ 831.79376  661.84296  693.3125  1067.9502   830.37244  831.2552
  823.64264  608.95154  608.3292 ] var: [115874.31   74430.02   81441.21  185359.69  112144.766 112557.62
 114551.63   62967.5    64249.86 ]
obj_rms: mean: [ 831.3208  661.0721  692.1188 1068.5825  830.8374  831.6893  825.7066
  610.7144  610.5921] var: [115786.01   74392.1    81343.03  185402.77  112162.07  112560.29
 115002.26   63252.395  64596.63 ]
obj_rms: mean: [ 825.86365  650.6828   678.30164 1071.607    832.93243  833.6878
  839.68066  622.08655  624.438  ] var: [115306.99   73632.9    80095.51  186206.78  112580.01  112888.69
 118545.97   65394.574  66673.06 ]
obj_rms: mean: [ 862.23145  618.6051   547.88544 1068.7563   832.16437  830.5086
  824.54285  618.91943  608.14594] var: [125839.1    70127.55   61584.98  185660.12  112441.48  112081.805
 115674.55   64505.883  62938.418]
obj_rms: mean: [ 861.36456  618.70874  549.1663  1068.6069   831.99677  830.4027
  825.1719   619.1989   608.67865] var: [125653.73   70205.03   61714.895 185614.47  112405.59  112058.37
 115854.29   64593.777  63045.383]
obj_rms: mean: [ 861.861    618.8547   548.5987  1068.6075   832.0065   830.3952
  824.81433  618.92487  608.4206 ] var: [125722.28   70221.92   61649.543 185493.92  112335.27  111979.945
 115698.8    64480.992  62960.21 ]
obj_rms: mean: [ 827.28424  653.90137  682.5319  1070.543    832.127    832.9297
  835.83655  618.7302   620.6806 ] var: [115696.44   74125.71   80755.06  186394.56  112696.984 113036.76
 117927.664  64949.625  66304.64 ]
obj_rms: mean: [ 780.658    564.0835   541.4743  1067.456    830.2429   830.7762
  854.45746  639.2766   642.4413 ] var: [110466.61   63805.668  61142.08  188201.38  113848.79  114031.23
 124764.59   69997.55   70885.45 ]
obj_rms: mean: [ 830.41144  659.82465  690.5055  1068.5071   830.75055  831.5928
  827.0362   611.8746   612.187  ] var: [115818.01   74393.945  81300.71  185612.1   112278.45  112669.16
 115547.984  63573.117  64947.715]
obj_rms: mean: [ 841.31635  686.76355  644.86945 1067.5255   832.21954  831.66144
  818.30115  618.9898   613.77875] var: [119602.46   81374.71   73889.11  184836.33  112509.83  112142.31
 113358.695  65317.062  63873.406]
obj_rms: mean: [ 840.8361   683.4417   641.81006 1068.283    832.3691   831.97534
  823.2592   621.22217  617.23096] var: [119811.36   81052.79   73705.54  185339.47  112705.51  112387.44
 114603.67   65787.19   64588.598]
obj_rms: mean: [ 830.3064   659.4552   689.94824 1068.992    831.10406  831.94666
  828.1266   612.7905   613.33154] var: [115753.95   74349.81   81229.34  185599.69  112263.39  112650.53
 115728.36   63699.465  65081.367]
obj_rms: mean: [ 867.71436  618.79535  539.13416 1067.2789   831.32007  829.36536
  817.3014   614.90356  601.8299 ] var: [126789.22   69617.53   60172.086 185026.27  112110.88  111683.71
 113917.234  63619.82   61706.625]
obj_rms: mean: [ 840.9476   684.65784  643.0183  1067.8285   832.1681   831.73236
  821.2416   620.24634  615.9683 ] var: [119647.73   81113.734  73757.96  185032.28  112555.23  112226.11
 114079.84   65558.31   64329.97 ]
obj_rms: mean: [ 770.8623   559.0425   536.53217 1055.8411   821.279    821.5957
  844.7784   632.66034  634.0228 ] var: [112284.99  65123.15  62375.37 192646.48 116555.33 116699.03 127547.2
  71971.28  72295.12]
obj_rms: mean: [ 841.3123   688.80963  646.992   1067.3331   832.34705  831.64386
  815.48004  617.80707  611.6542 ] var: [119384.6   81555.41  74036.22 184612.03 112446.66 112036.88 112631.36
  65049.58  63460.9 ]
obj_rms: mean: [ 861.50555  618.69324  548.98145 1068.6462   832.0333   830.4302
  825.09033  619.16534  608.6028 ] var: [125654.7    70176.234  61683.84  185583.53  112387.51  112038.34
 115804.48   64566.54   63012.5  ]
obj_rms: mean: [ 782.1598   566.0776   543.8904  1069.5128   831.8576   832.33887
  855.50665  640.83295  643.17426] var: [110081.81   63601.418  60977.83  187534.95  113446.    113625.914
 124081.79   69794.17   70573.86 ]
obj_rms: mean: [ 827.47327  654.50494  683.40643 1069.9907   831.7116   832.52515
  834.5209   617.7292   619.50604] var: [115637.07   74108.375  80766.42  186169.73  112564.67  112910.04
 117559.65   64752.664  66091.05 ]
obj_rms: mean: [ 831.79364  661.7606   693.1533  1068.2019   830.5621   831.4371
  824.12286  609.4028   608.8571 ] var: [115934.9    74473.01   81476.57  185485.72  112219.7   112627.984
 114682.34   63059.008  64355.61 ]
obj_rms: mean: [ 864.9607   616.9944   540.6711  1067.8191   831.70355  829.7647
  820.2549   616.79236  604.2923 ] var: [126186.8    69495.9    60770.094 185259.61  112235.445 111829.72
 114643.086  64007.64   62185.41 ]
obj_rms: mean: [ 830.64636  660.10406  690.843   1068.6395   830.8568   831.7015
  826.96136  611.7561   612.0431 ] var: [115780.47   74378.46   81286.625 185522.14  112225.35  112617.195
 115426.23   63501.504  64876.27 ]
obj_rms: mean: [ 862.53937  618.01807  546.07996 1068.2987   831.8591   830.143
  823.5623   618.3728   607.1931 ] var: [125852.36   69979.516  61445.203 185532.61  112370.48  112002.016
 115459.45   64420.24   62787.508]
obj_rms: mean: [ 770.9527   558.1685   535.57275 1056.3702   821.71783  822.0579
  845.5933   632.5687   634.69556] var: [111439.13   64426.418  61680.953 190976.08  115550.37  115702.625
 126564.24   71239.49   71709.83 ]
obj_rms: mean: [ 831.06555  660.5364   691.3689  1068.9447   831.09955  831.9427
  826.84937  611.66284  611.8073 ] var: [115791.64   74389.36   81309.55  185495.11  112212.29  112604.4
 115304.09   63434.637  64795.79 ]
obj_rms: mean: [ 831.5372  661.276   692.3659 1068.7389  830.961   831.8154  825.6659
  610.6799  610.4913] var: [115798.46   74401.336  81359.25  185401.02  112162.22  112561.3
 114941.27   63227.395  64556.707]
obj_rms: mean: [ 830.79285  660.4241   691.32367 1068.3854   830.6725   831.517
  826.14777  611.12164  611.1583 ] var: [115910.72   74465.195  81403.66  185675.23  112323.22  112717.36
 115345.984  63457.727  64807.74 ]
obj_rms: mean: [ 826.2922   652.0704   680.0516  1070.8623   832.3645   833.13617
  837.7269   620.57166  622.6126 ] var: [115650.516  73997.13   80510.47  186564.28  112797.914 113117.92
 118479.914  65334.785  66619.32 ]
obj_rms: mean: [ 840.95154  690.331    648.30194 1065.8696   831.4241   830.77765
  811.47424  615.3067   609.759  ] var: [119419.09  81816.91  74259.21 184612.48 112499.33 112095.68 111901.21
  64761.42  63270.62]
obj_rms: mean: [ 830.8239   660.4147   691.3001  1068.466    830.733    831.5773
  826.26764  611.23376  611.2996 ] var: [115924.555  74470.93   81408.23  185697.11  112335.87  112729.3
 115373.664  63475.875  64825.723]
obj_rms: mean: [ 829.41284  657.6432   687.52454 1069.6519   831.5409   832.38226
  830.9804   614.85974  616.23004] var: [115723.76   74276.21   81067.234 185824.73  112375.9   112752.055
 116553.625  64113.62   65524.453]
obj_rms: mean: [ 784.84735  568.00165  545.492   1070.7661   832.7842   833.3872
  857.47906  641.28796  645.07227] var: [111518.77   64532.195  61787.863 189165.4   114409.96  114612.664
 125500.71   70351.12   71358.86 ]
obj_rms: mean: [ 781.38116  564.63324  542.02203 1068.1079   830.7488   831.28723
  854.98566  639.6195   642.96454] var: [110288.3    63702.957  61060.344 187933.5   113683.85  113865.336
 124630.766  69857.95   70823.95 ]
obj_rms: mean: [ 831.9607   662.0393   693.55646 1068.0278   830.4353   831.32336
  823.4947   608.8142   608.132  ] var: [115825.92   74402.31   81419.734 185265.73  112089.01  112502.9
 114434.03   62895.73   64183.715]
obj_rms: mean: [ 831.79407  661.704    693.022   1068.3843   830.69977  831.5706
  824.5756   609.7503   609.30896] var: [115808.62   74396.734  81383.21  185310.42  112111.91  112517.72
 114673.04   63051.152  64355.605]
obj_rms: mean: [ 780.7778   565.0251   542.95825 1067.9885   830.6724   831.1481
  854.191    639.8456   642.2335 ] var: [109879.12   63462.598  60844.93  187462.8   113402.3   113583.15
 124003.33   69777.87   70528.29 ]
obj_rms: mean: [ 860.9339   618.83374  549.9684  1068.6138   831.97595  830.417
  825.59436  619.36224  609.0832 ] var: [125689.414  70317.9    61834.74  185787.27  112506.54  112163.87
 116024.664  64695.383  63169.316]
obj_rms: mean: [ 826.25885  652.5208   680.7418  1070.2091   831.8612   832.64307
  836.6055   619.52673  621.4947 ] var: [115601.07   74007.79   80563.12  186434.52  112720.45  113049.516
 118247.23   65179.88   66489.86 ]
obj_rms: mean: [ 829.54407  658.1551   688.18646 1069.1809   831.2061   832.049
  829.7826   614.08453  615.11365] var: [115843.836  74388.125  81199.39  185923.03  112445.66  112827.5
 116375.95   64049.83   65441.812]
obj_rms: mean: [ 828.9878   656.7372   686.2855  1070.1075   831.85474  832.69257
  832.61273  616.07635  617.697  ] var: [115699.74  74226.8   80978.39 185930.05 112430.59 112799.24 116943.4
  64331.27  65752.82]
obj_rms: mean: [ 830.55994  660.0059   690.7213  1068.5842   830.8121   831.6558
  826.9805   611.78564  612.07544] var: [115788.43   74381.29   81286.52  185546.08  112238.56  112629.875
 115464.43   63523.34   64900.504]
obj_rms: mean: [ 831.42303  661.20306  692.3036  1068.5424   830.8089   831.6636
  825.4057   610.521    610.30585] var: [115884.78   74455.36   81417.62  185531.27  112241.52  112641.08
 115000.49   63261.414  64588.35 ]
obj_rms: mean: [ 861.9765   618.7149   548.4878  1068.818    832.19104  830.5591
  824.9061   619.12585  608.4041 ] var: [125693.51   70117.516  61598.797 185530.5   112359.83  112004.9
 115686.97   64503.98   62938.25 ]
obj_rms: mean: [ 779.82245  564.5218   542.4289  1066.3721   829.4105   829.9458
  853.4098   638.8266   641.5425 ] var: [111397.016  64352.72   61695.133 189758.47  114787.38  114989.07
 125730.305  70597.36   71429.2  ]
obj_rms: mean: [ 829.6881   657.9454   687.8579  1069.8254   831.6832   832.5267
  830.8577   614.86505  616.1218 ] var: [115740.086  74294.984  81087.086 185808.36  112368.79  112745.74
 116474.22   64086.766  65472.15 ]
obj_rms: mean: [ 831.743    661.7604   693.2     1067.9768   830.39075  831.2708
  823.7933   609.08673  608.5298 ] var: [115919.29   74458.86   81466.28  185438.94  112192.164 112603.37
 114621.69   63013.844  64313.016]
obj_rms: mean: [ 829.8474   658.6748   688.93964 1069.1681   831.2125   832.05334
  829.2035   613.6151   614.51   ] var: [115841.5    74387.664  81245.62  185859.17  112410.02  112793.25
 116169.66   63926.33   65321.105]
obj_rms: mean: [ 830.8507   660.31195  691.0906  1068.7783   830.96765  831.81165
  826.9      611.68414  611.89557] var: [115779.49   74378.82   81289.85  185496.77  112211.66  112603.
 115355.02   63462.445  64832.055]
obj_rms: mean: [ 840.74066  691.3097   649.10913 1065.4362   831.2562   830.5554
  809.36676  614.28174  608.49915] var: [119279.26   81888.71   74277.79  184457.67  112447.22  112026.9
 111424.31   64576.64   63027.168]
obj_rms: mean: [ 831.3452   661.23724  692.4461  1068.1277   830.4963   831.35645
  824.74036  609.94666  609.6207 ] var: [115860.125  74432.25   81409.26  185453.36  112197.27  112599.66
 114874.6    63178.535  64486.406]
obj_rms: mean: [ 826.4575   652.1222   680.0693  1071.177    832.6081   833.3756
  838.0925   620.8432   622.95026] var: [115518.83   73906.01   80405.37  186357.5   112672.18  112990.74
 118381.73   65276.914  66563.984]
obj_rms: mean: [ 840.6002   683.87836  642.2555  1067.6661   831.9709   831.5568
  821.8847   620.46954  616.30853] var: [119739.62   81093.24   73741.74  185221.31  112652.164 112329.4
 114357.65   65686.71   64475.06 ]
obj_rms: mean: [ 786.31866  568.9143   546.33875 1073.0504   834.5584   835.155
  859.3972   642.5207   646.42584] var: [110563.56   64019.176  61324.574 187671.39  113508.31  113705.484
 124531.336  69783.875  70821.66 ]
obj_rms: mean: [ 772.4355   558.85834  536.64435 1058.6382   823.44214  823.83923
  847.3464   634.3182   636.1802 ] var: [110477.23   63870.25   61167.844 189252.83  114508.14  114671.016
 125363.75   70658.99   71164.33 ]
obj_rms: mean: [ 826.1222   652.10046  680.15576 1070.4503   832.04645  832.82117
  837.18097  620.13654  622.11505] var: [115715.39   74048.86   80579.555 186659.1   112855.02  113178.88
 118478.01   65332.695  66626.375]
obj_rms: mean: [ 828.84     656.57837  686.09406 1070.0105   831.7763   832.6133
  832.6482   616.1068   617.7429 ] var: [115688.44   74213.64   80961.66  185934.48  112432.07  112800.055
 116987.055  64348.86   65767.62 ]
obj_rms: mean: [ 830.2969   659.5839   690.17676 1068.6593   830.8563   831.7007
  827.538    612.2642   612.7059 ] var: [115917.41   74453.664  81355.93  185809.48  112393.36  112783.266
 115751.08   63701.414  65083.34 ]
obj_rms: mean: [ 780.8104   564.6456   542.57355 1067.5704   830.3381   830.8627
  854.47437  639.3699   642.0868 ] var: [111482.8    64340.65   61695.41  189964.36  114912.45  115100.88
 125851.445  70624.04   71485.59 ]
obj_rms: mean: [ 780.1486   563.7509   541.116   1066.9106   829.8282   830.3546
  854.01294  638.8371   641.9982 ] var: [110633.28   63880.336  61167.41  188540.97  114054.86  114239.38
 124984.89   70095.016  70963.   ]
obj_rms: mean: [ 831.3511   661.1601   692.2708  1068.3916   830.6934   831.5496
  825.2336   610.3796   610.15247] var: [115925.125  74480.37   81444.13  185585.33  112274.734 112675.01
 115026.36   63275.93   64597.754]
obj_rms: mean: [ 865.5823   616.81244  539.3889  1067.5188   831.5386   829.54175
  819.0751   616.20197  603.2966 ] var: [126361.19   69417.49   60606.86  185291.42  112265.945 111852.055
 114421.05   63921.105  62054.844]
obj_rms: mean: [ 831.5387   661.4459   692.70013 1068.2095   830.56256  831.4271
  824.58777  609.81213  609.4174 ] var: [115821.     74405.375  81381.19  185354.95  112138.55  112542.29
 114756.61   63103.78   64413.586]
obj_rms: mean: [ 826.117    652.174    680.2718  1070.3289   831.9528   832.72894
  836.9927   619.93713  621.9316 ] var: [115698.47   74045.47   80585.62  186625.12  112834.11  113159.664
 118433.42   65304.91   66599.64 ]
obj_rms: mean: [ 839.83154  696.40247  653.9867  1063.5507   830.7262   829.5241
  798.0802   608.52856  599.4114 ] var: [118553.31   82216.49   74321.67  183591.61  112169.086 111599.305
 108567.08   63435.504  61300.8  ]
obj_rms: mean: [ 770.9089   558.6842   536.11804 1055.8004   821.2553   821.5909
  844.8998   632.3423   634.32806] var: [112004.836  64853.066  62095.457 191910.22  116107.27  116262.805
 127085.9    71636.3    72030.3  ]
obj_rms: mean: [ 780.2134   564.98737  543.1416  1066.5076   829.5158   830.0704
  853.7141   639.081    641.6681 ] var: [111073.055  64216.926  61604.21  188935.6   114294.24  114498.92
 125208.69   70338.086  71176.11 ]
obj_rms: mean: [ 831.4724   661.3741   692.60846 1068.1691   830.5309   831.3936
  824.62756  609.83606  609.4815 ] var: [115830.04   74413.086  81388.6   185381.67  112154.92  112557.67
 114790.32   63125.324  64440.637]
obj_rms: mean: [ 829.1228   657.70386  687.70844 1068.9059   830.9777   831.82043
  829.89667  614.0372   615.16534] var: [115806.54   74350.74   81167.32  185938.88  112449.95  112829.516
 116485.66   64088.93   65490.957]
obj_rms: mean: [ 830.00366  659.1272   689.54614 1068.7876   830.93677  831.7813
  828.2454   612.84863  613.5178 ] var: [115765.31   74354.71   81222.555 185652.02  112291.96  112678.914
 115850.91   63756.44   65154.793]
obj_rms: mean: [ 864.53973  617.0873   541.43005 1067.7959   831.6511   829.745
  820.6749   616.95667  604.6737 ] var: [126231.68   69613.66   60909.547 185435.4   112336.56  111936.53
 114849.586  64114.965  62321.23 ]
obj_rms: mean: [ 771.7689   558.62854  536.35126 1057.3684   822.4763   822.8525
  846.37854  633.552    635.44867] var: [110919.336  64161.1    61447.19  190058.22  114996.87  115159.02
 125883.99   71012.64   71444.65 ]
obj_rms: mean: [ 829.6721   658.64636  688.9639  1068.7759   830.9158   831.76117
  828.67126  613.21576  614.03766] var: [115883.55   74415.625  81283.984 185905.8   112440.59  112827.35
 116128.98   63911.5    65320.72 ]
obj_rms: mean: [ 859.9391   619.6626   553.1501  1069.092    832.24567  830.8185
  827.2213   620.1039   610.6482 ] var: [125433.29   70520.61   62073.938 185766.12  112478.96  112158.79
 116275.336  64789.52   63390.41 ]
obj_rms: mean: [ 830.3086   659.6787   690.3242  1068.4967   830.73755  831.57965
  827.19214  611.9855   612.3448 ] var: [115868.04   74417.266  81325.445 185700.84  112329.96  112721.02
 115643.29   63633.242  65012.348]
obj_rms: mean: [ 784.6338   567.48926  544.9168  1071.3087   833.22815  833.8013
  857.9572   641.69916  645.20734] var: [110370.33   63862.117  61178.46  187547.05  113436.6   113630.4
 124441.055  69759.82   70708.23 ]
obj_rms: mean: [ 831.2858   661.1386   692.2898  1068.2042   830.55133  831.41003
  824.9767   610.1604   609.92114] var: [115923.58   74475.86   81446.87  185571.89  112267.22  112668.84
 114990.53   63251.266  64569.74 ]
obj_rms: mean: [ 829.1038   657.5458   687.4876  1069.0895   831.1119   831.95374
  830.29767  614.3354   615.5982 ] var: [115867.75   74376.54   81190.91  186060.64  112520.98  112899.09
 116631.414  64157.273  65580.47 ]
