3239.036998,2363.711972,2273.564047,4302.100631,3347.209354,3347.149845,4216.360289,3280.439673,3293.687186
3777.355912,2561.038168,1961.686308,4198.979186,3281.450314,3256.871357,3862.244900,3113.976735,2997.795462
3769.311529,2536.752771,1929.468801,4199.401646,3282.693985,3258.463023,3859.482516,3113.978346,3019.109646
3560.394593,2981.394580,3125.833416,4232.716327,3278.008423,3272.260204,3992.866754,2997.289539,2893.621202
3527.818370,3080.894468,2968.652981,4168.219208,3265.567987,3270.225734,3833.311741,2979.144512,3058.099863
3519.881721,3070.986938,2960.960152,4166.397522,3263.470259,3269.141749,3826.162905,2990.278977,3052.515395
3473.706255,3055.351362,2990.333610,4173.588496,3261.740926,3265.305874,3789.981219,3024.736628,3051.515158
3459.445066,2908.684862,3168.629747,4249.635970,3283.588693,3283.575418,4009.108810,3060.850628,3018.935869
3454.089173,3020.806190,2984.361060,4171.990058,3248.588416,3265.592381,3822.307939,3025.268036,3043.760958
3312.512423,2523.341926,2460.287356,4304.992326,3345.741898,3345.659840,4246.603957,3273.141051,3295.237556
3307.701418,2451.407463,2359.317926,4303.148151,3348.433801,3346.513303,4244.062523,3299.159804,3268.738527
3289.362584,2465.413988,2414.977993,4302.101112,3349.978198,3346.451337,4236.506967,3290.986765,3276.241640
3541.806173,3066.790862,2952.848507,4172.205612,3261.148147,3269.887775,3798.257934,2869.985450,2986.136097
3781.383094,2608.031282,2042.285644,4200.681370,3279.700975,3258.269394,3848.603069,3099.091728,2984.300368
3248.757347,2371.372458,2276.851775,4303.088348,3346.881080,3348.675463,4221.344939,3268.572052,3306.949162
3433.592381,2802.162651,2984.315171,4279.435468,3317.120236,3306.255142,4082.614605,3168.493536,3166.466277
3367.175617,2631.964523,2553.603892,4291.545799,3335.369432,3329.618818,4219.102003,3256.321014,3225.218700
3346.528004,2578.315100,2653.913215,4297.408456,3340.095062,3332.357721,4200.945661,3228.448289,3238.135903
3439.982646,2831.430028,2634.172036,4279.650530,3312.896039,3324.351872,4173.832327,3154.865030,3234.878669
3379.440850,2662.792099,2791.823495,4282.806782,3329.275433,3321.266910,4105.800522,3223.823087,3185.066992
3449.823762,2584.804771,2485.065553,4283.747268,3329.384466,3334.422299,4195.243550,3210.438900,3225.570373
3374.097640,2588.966870,2730.407028,4288.495880,3334.986116,3323.788217,4163.798872,3220.944967,3151.428439
3390.995224,2741.649693,2598.301302,4284.646057,3322.733559,3328.348609,4205.903971,3198.027495,3231.926173
3434.686627,2756.493915,2863.380932,4277.566921,3325.318176,3317.401795,4077.976540,3205.455458,3200.597030
3513.228251,2618.872434,2470.712704,4275.714524,3323.638271,3332.207745,4155.857446,3217.684755,3216.522605
3337.972506,2573.874984,2526.040089,4298.748682,3340.674999,3337.354792,4215.386955,3255.728223,3263.157028
3522.486364,2618.270805,2454.227871,4272.105226,3320.958927,3327.712537,4131.320167,3198.635965,3194.946732
3378.135894,2497.661112,2427.714947,4297.627727,3341.547967,3342.049863,4230.658662,3237.385299,3282.789335
3448.256329,2769.478613,2920.312807,4277.980130,3319.989312,3311.540202,4105.030595,3200.259058,3183.661648
3493.248046,2846.341675,3038.030986,4273.843816,3305.040735,3296.494692,4065.596942,3084.335753,3136.145074
3582.403996,3016.900967,2796.951158,4242.907093,3280.163233,3303.733873,4033.628501,3064.134815,3149.523523
3390.476794,2499.303125,2440.883957,4291.983837,3335.127629,3336.054509,4218.227057,3218.123397,3258.195855
3662.050996,2701.323470,2429.408620,4234.536369,3295.128401,3292.501814,3993.466744,3136.750341,3044.545781
3595.422071,2665.914430,2473.051092,4261.201922,3314.279729,3316.085872,4061.498646,3145.890432,3129.364864
3553.479529,2606.844226,2193.330334,4223.139057,3299.747510,3268.863967,4047.543815,3194.749625,3095.568910
3640.363093,3026.982422,2944.976014,4220.865219,3268.019518,3292.028010,3959.395910,3028.785064,3105.591898
3540.603338,2977.533295,2697.252222,4255.752189,3290.773567,3312.415674,4081.198512,3100.537519,3165.370842
3494.540685,2858.804868,3061.898141,4270.283619,3304.952378,3296.560086,4095.191434,3085.172448,3112.563272
3484.299011,2860.618593,2628.464652,4275.612763,3308.358921,3314.787362,4158.433207,3150.730056,3187.202716
3556.634439,3023.243857,2735.272227,4246.595806,3284.668703,3305.637741,4056.401232,3083.628263,3149.437329
3486.321941,2911.990386,2639.623699,4271.488086,3302.539286,3315.714635,4116.350007,3145.549926,3195.836576
3702.059083,2751.105456,2356.671732,4223.323475,3296.152418,3280.258168,3929.277193,3141.112112,3027.551711
3475.012938,2795.396090,2998.731742,4276.536804,3311.630542,3302.225170,4098.322971,3116.726205,3166.323485
3769.036947,2675.224400,2104.728934,4204.447674,3285.754702,3261.982869,3912.552440,3121.112703,3012.223354
3478.606132,2867.572716,3079.122074,4264.164727,3298.031811,3292.808545,4073.228727,3067.591548,3072.326185
3588.915699,2593.985201,2421.983053,4265.012959,3316.313990,3317.762356,4063.265604,3145.564582,3146.975955
3590.155922,3034.831537,2863.654489,4239.523444,3277.887035,3298.914079,4006.986093,3058.454568,3120.184571
3600.129046,3045.385089,2896.965300,4231.767331,3275.834394,3297.772109,3977.032087,3039.939628,3112.686329
3630.536693,2679.210367,2412.277142,4240.698225,3301.883219,3301.504036,3971.527222,3099.000824,3072.639225
3485.512528,2921.285030,2664.151639,4262.777432,3295.788165,3309.977711,4098.074857,3102.517267,3187.210383
3695.646606,2767.370743,2396.274907,4228.853286,3295.561667,3287.747519,3967.060570,3130.244766,3031.817869
3474.151952,3058.994729,2978.169412,4172.012183,3258.284416,3264.555382,3809.637670,3011.953541,3042.088985
3552.710946,3065.641721,2974.427847,4182.858305,3269.203606,3276.059914,3867.763679,2989.969232,3077.649336
3330.927404,2492.868727,2438.551172,4302.714397,3347.941338,3347.489701,4243.042805,3293.665275,3283.690092
3526.427562,2541.044681,2284.635199,4227.795592,3304.188592,3282.817853,4037.611473,3191.699030,3115.365334
3461.935695,3024.994671,2988.282800,4171.261828,3249.944155,3265.871955,3817.845215,3030.804325,3043.795215
3599.565694,2633.961987,2389.133271,4245.429064,3310.130203,3310.953475,4033.546133,3116.327691,3097.368691
3531.859283,2599.170784,2229.015084,4215.043530,3295.053502,3268.089766,4010.380900,3188.174315,3080.790608
3525.984227,2635.385087,2466.110831,4232.673484,3304.617327,3288.424809,3980.183272,3183.283522,3089.618339
3588.949464,3061.335751,2981.351155,4196.691290,3269.902578,3275.746096,3924.158878,2983.817801,3069.194880
3545.583896,3019.354583,2732.250119,4251.507742,3289.424111,3310.447604,4083.766576,3093.466681,3138.224763
3317.626466,2517.416275,2519.427166,4303.814225,3347.710495,3343.073725,4229.467359,3275.535073,3287.923849
3579.816111,2724.018967,2613.699728,4212.019314,3280.324920,3284.670382,3922.222455,2951.596505,3042.155060
3443.936557,3032.725227,2988.897101,4173.218578,3252.711802,3268.481640,3818.920139,3024.940075,3046.011569
3718.627355,2671.843277,2147.066824,4209.865375,3283.209895,3261.104142,3924.605615,3106.326526,3058.557559
3475.069631,2889.981797,3151.596430,4256.822826,3292.424040,3285.439596,3974.240350,3055.129078,3022.776653
3478.154402,2889.711855,3132.511023,4262.592053,3297.139703,3289.929367,4019.077083,3050.983172,3052.080717
3738.478181,2799.135486,2408.612289,4219.302891,3289.687150,3278.677147,3921.199804,3133.053120,3055.791413
3543.380758,3067.520687,2956.534741,4173.031812,3261.314761,3269.886266,3801.710332,2879.202867,2995.812104
3528.308820,2602.047211,2417.086092,4273.179059,3316.894844,3324.428461,4072.304698,3137.058176,3159.712097
3636.451458,2661.890638,2359.693933,4240.489840,3300.208113,3294.652943,3947.598986,3137.672990,3045.908736
3625.607716,3036.644279,2915.466169,4228.552026,3273.484311,3295.786914,3959.995879,3045.558336,3111.279683
3715.677283,2735.422106,2281.706513,4215.128138,3288.722250,3275.367296,3927.007791,3121.716908,3031.865241
3538.335065,3069.604222,2964.321102,4173.749557,3263.316265,3275.051349,3814.034221,2912.437013,3042.247183
3460.418849,2931.845543,3157.928259,4250.390941,3283.729027,3278.838635,4013.090524,3026.526166,2972.593343
3602.085936,3036.877961,2915.192112,4215.476977,3272.607407,3281.462599,3970.910114,3075.721670,3118.154346
3594.400711,3037.936135,2982.447171,4211.268177,3270.406554,3281.161175,3959.018852,3036.682865,3089.564814
3507.726197,2962.821736,3094.089086,4206.186681,3266.255897,3263.267223,3969.889220,2994.081591,2968.199450
3605.130179,3041.973855,2955.877541,4211.931888,3274.170151,3281.588877,3951.045398,3055.600768,3091.447092
3730.215094,2659.792706,2133.355386,4211.260202,3284.905860,3258.583751,3934.931970,3133.961151,3017.740797
3547.789119,2759.233405,2593.122999,4220.466243,3291.715219,3288.169417,3964.663733,3020.502774,3059.259567
3617.203530,3051.268781,2955.459038,4214.155571,3273.702658,3276.880384,3974.553613,3070.736517,3089.773397
3495.335760,2969.433953,3148.320433,4244.280597,3284.989106,3274.610262,4021.975711,3051.991939,2967.178300
3436.069108,2894.502955,3153.982902,4256.411501,3289.642749,3280.701708,3983.178926,3053.189451,3014.413145
3274.687071,2445.161599,2401.511163,4304.278107,3348.125735,3348.077424,4237.756593,3291.371357,3289.626681
3601.834025,3029.492554,2919.034953,4219.624577,3268.910580,3287.145196,4001.829957,3048.082702,3117.317113
3290.612583,2435.603805,2334.136458,4300.050906,3343.985389,3343.452666,4206.798395,3274.512956,3287.188892
3569.907678,3041.974839,2985.362358,4206.677346,3269.130170,3281.161568,3945.816258,3003.948764,3096.613048
3769.732171,2557.289235,1990.193139,4201.160858,3282.792006,3259.891509,3885.244940,3128.982063,3017.116474
3602.978555,2653.793511,2417.439245,4245.575546,3309.389138,3310.652572,3998.576030,3117.245073,3090.463300
3587.538295,2755.977838,2646.567949,4215.360693,3280.042072,3284.525834,3922.571887,2973.726823,3049.888071
3515.545441,2970.941604,3143.977059,4240.481865,3279.926135,3278.261878,3998.877363,3052.217320,2959.390236
3563.617231,2981.652384,3128.875918,4233.586177,3278.830660,3273.605293,3992.402489,2987.887518,2904.566745
3731.729559,2653.993352,2093.339241,4208.347494,3283.059835,3261.032111,3924.164795,3097.490744,3020.428270
3259.069117,2384.963791,2294.810133,4303.204110,3346.520895,3348.395046,4222.820701,3267.971126,3306.641432
3581.763916,2767.489032,2651.590525,4219.417507,3283.724841,3283.251118,3941.373278,3004.317251,3066.483478
3478.767176,2919.723031,3167.010954,4256.587384,3295.575817,3283.042442,3975.243164,3063.479090,2993.874485
3539.723949,2958.233445,3131.368988,4233.669724,3278.841654,3275.940338,4018.825599,3018.853929,2939.741010
3286.139519,2422.298676,2305.562509,4300.047888,3343.491481,3343.439562,4211.542316,3274.001262,3285.772854
3251.076480,2373.281676,2285.607737,4303.094382,3346.707328,3347.788957,4224.391889,3272.743017,3301.872299
3498.132365,3062.052143,2975.685733,4166.649042,3263.215500,3265.444773,3831.886937,2990.810260,3051.143021
3750.991626,2518.091899,1973.665456,4201.889700,3278.247083,3258.115586,3881.645182,3138.331766,3032.375350
3287.512651,2434.697218,2337.764553,4300.318604,3344.889063,3345.877841,4209.820117,3281.643709,3294.727874
3540.229624,3068.604525,2952.126318,4172.978374,3261.380297,3269.967456,3799.836421,2874.719194,2999.076069
3277.217105,2424.496506,2326.292391,4300.576542,3344.742591,3344.872779,4209.881343,3281.407031,3289.124990
3751.401526,2509.488127,1938.670564,4200.284454,3278.842808,3257.377764,3867.736385,3138.899540,3033.934254
3773.706747,2592.015322,2115.225182,4201.591042,3274.627074,3263.842739,3845.127066,3119.765858,3022.324837
3527.892000,3074.010243,2964.665007,4174.909367,3263.922922,3275.499817,3824.378802,2925.111337,3050.481751
3537.080477,3069.017031,2958.684307,4173.478629,3263.508431,3274.904821,3825.555663,2914.979323,3036.650499
3254.880505,2375.052169,2276.374784,4301.420339,3346.454858,3345.763846,4217.503592,3285.962570,3295.400016
3284.840556,2425.633809,2331.336401,4299.992283,3345.440462,3346.099971,4212.605316,3284.638442,3294.272435
3538.023369,3065.066425,2971.012000,4179.213148,3266.456945,3276.834708,3844.137055,2965.462852,3080.990940
3535.531192,3068.762860,2963.922144,4169.003903,3266.452308,3267.856050,3818.130070,2989.343286,3061.598995
3774.828726,2594.507606,2038.085576,4198.915632,3280.174719,3259.111643,3840.122237,3093.326327,2976.648115
3524.247366,2964.927381,3144.939234,4236.242582,3280.943980,3275.963281,3997.569732,3023.014415,2936.871858
3536.588506,3070.798793,2975.069659,4179.591077,3266.211466,3277.755445,3831.349514,2937.976902,3065.589686
3282.675213,2436.155680,2323.476502,4303.023509,3347.739856,3346.793315,4221.262306,3283.523050,3299.811688
3269.037697,2397.427072,2298.708565,4300.095149,3346.121337,3345.886665,4215.115265,3287.501638,3296.117949
3771.814620,2608.111322,2025.076849,4197.427917,3278.034877,3257.646108,3832.022235,3069.945682,2930.523799
3521.669806,2961.973565,3142.151038,4234.488088,3280.304938,3275.705128,3999.017166,3021.860447,2948.599129
3252.002032,2381.842215,2293.578775,4302.029715,3347.062053,3347.202691,4217.888731,3279.690155,3292.038857
3755.852306,2495.667587,1963.129182,4203.155637,3276.077240,3258.378908,3869.452785,3103.715501,3019.834700
3565.540047,2981.151847,3128.035437,4232.832524,3277.373776,3273.022823,3995.952139,2983.975273,2899.652128
3271.149888,2410.909448,2322.158726,4302.290344,3347.087629,3348.212168,4217.650970,3274.556793,3299.327696
3260.783179,2394.174640,2310.189934,4301.594599,3347.094562,3347.271323,4215.243903,3277.235385,3293.168675
3259.483577,2388.233507,2305.512769,4303.737648,3346.816588,3347.705540,4221.932637,3273.508497,3298.552898
3265.091360,2402.222595,2317.185924,4301.898000,3346.958361,3347.495045,4213.522629,3278.068614,3293.265876
3561.094779,2975.848955,3130.292601,4233.521304,3278.950527,3274.537334,3990.705106,2978.589641,2906.167535
3754.447254,2528.909809,1981.875659,4200.768165,3278.147028,3258.791713,3868.029887,3135.733233,3040.430176
3256.918537,2382.364182,2300.999807,4302.873908,3346.719184,3347.815561,4216.294977,3274.285091,3297.626817
3280.191683,2425.181912,2330.422626,4300.202703,3344.631359,3345.923936,4210.028522,3279.695638,3293.424754
3274.871960,2417.404794,2318.946381,4300.241715,3345.127960,3345.756767,4208.913427,3284.617246,3293.969669
3544.489102,2965.658194,3129.955206,4233.987701,3279.439056,3275.043629,4016.957352,3008.329793,2931.787187
3530.495975,3080.838337,2969.357164,4167.457156,3266.017799,3270.633357,3831.517380,2985.995904,3059.105032
3545.955242,2970.453109,3131.073227,4234.306762,3278.957264,3274.366286,3987.371992,2992.503042,2914.017102
3775.145560,2572.239972,1999.387933,4201.194884,3282.284177,3258.952513,3862.888550,3117.821436,3009.778379
3277.168527,2406.001939,2305.640711,4300.119054,3345.657754,3346.006548,4214.444278,3285.387026,3294.526630
3258.698544,2393.213325,2303.294489,4302.592661,3347.088622,3348.113859,4215.326011,3271.506255,3296.441179
3533.229709,3056.136892,2959.485304,4176.696711,3265.742977,3279.200892,3841.801259,2949.759585,3083.274720
3754.891844,2543.916718,2015.705842,4201.876033,3277.701308,3259.191663,3877.072878,3138.341905,3030.280814
3518.356627,3076.923054,2958.168327,4166.801774,3263.615876,3268.892469,3836.561920,2975.199435,3047.908988
3758.923543,2524.088911,1945.045686,4198.104984,3278.818243,3257.808890,3861.833580,3125.629823,3022.976696
3554.741065,2977.609873,3130.170039,4233.395028,3278.885463,3272.542839,3995.171367,2989.879485,2901.950086
3773.869891,2549.395762,1953.309924,4200.048067,3281.880167,3257.648628,3870.235666,3115.200734,2995.559293
3538.468318,3072.265813,2966.238167,4169.331942,3267.282005,3268.975393,3817.404446,2983.287917,3066.354572
3534.526753,3057.466264,2957.794918,4176.654608,3265.607510,3278.747345,3841.809597,2957.404539,3083.739822
3266.421067,2401.299383,2317.100273,4302.621276,3346.759901,3348.610048,4220.688164,3272.786553,3300.199512
3778.324336,2607.207479,2050.671888,4199.364381,3277.827488,3258.203177,3842.590853,3078.746379,2976.809284
3266.097918,2395.827513,2308.593259,4301.948591,3346.755513,3347.198066,4218.728557,3283.393868,3291.669875
3532.960489,3074.769929,2971.583317,4175.335286,3264.409690,3275.609052,3815.880010,2928.415983,3049.415662
3778.671551,2597.172360,2040.923671,4198.748398,3280.065137,3259.404704,3847.283550,3099.017390,2979.962884
3286.253687,2424.487097,2327.401165,4300.220037,3345.292962,3346.198962,4210.668875,3287.038832,3295.351412
3258.860401,2385.849894,2304.329830,4302.985438,3346.630348,3348.262529,4219.196848,3270.243896,3299.155713
3773.800494,2583.655315,2094.389548,4200.456486,3275.043725,3263.389344,3842.261231,3123.264649,3023.724006
3283.588702,2416.620532,2319.964892,4300.276732,3346.397480,3345.864697,4213.639877,3287.290111,3295.986153
3566.870095,2981.317452,3130.467340,4233.064591,3278.088766,3273.327517,3991.113688,2986.012802,2909.029698
3267.020209,2396.812124,2312.208272,4303.243908,3346.859428,3347.592463,4216.591307,3273.069006,3296.550863
3774.409439,2559.062868,1966.664098,4199.594776,3281.246605,3257.596393,3869.231769,3111.132351,3004.046774
3773.917782,2588.189585,2000.762569,4198.797209,3278.312977,3257.068502,3843.490891,3080.013950,2987.007987
3547.810564,2973.730922,3132.937662,4234.461849,3279.677225,3274.203096,3990.933053,2991.718721,2915.795038
3778.142396,2600.495813,2047.797401,4199.203473,3279.679719,3259.258882,3843.002239,3103.004047,2980.841392
3277.046201,2412.332565,2318.216705,4301.868065,3346.667146,3346.696506,4218.127899,3285.079120,3296.486338
3777.181150,2592.292553,2029.955009,4198.313618,3279.561504,3258.998918,3843.332283,3100.218755,2973.466177
3522.402741,2969.648474,3143.875939,4235.509034,3280.598073,3276.313661,3996.640113,3017.772311,2946.789542
3536.199911,3073.727524,2970.166588,4175.535947,3264.780856,3275.728864,3822.163642,2927.922408,3053.345515
3530.315212,3060.069975,2961.558627,4177.614940,3265.439227,3278.034329,3845.359897,2962.071836,3075.454143
3538.736056,3068.457069,2963.057908,4169.961169,3266.895852,3270.111005,3831.068184,2990.056281,3075.238403
3775.340489,2580.696516,2000.322325,4198.124842,3280.626834,3258.026197,3842.817671,3097.241294,2987.988203
3765.477544,2551.908723,2015.184086,4199.172831,3277.212947,3261.638879,3836.842351,3128.144066,3038.956691
3267.137332,2399.684951,2309.678756,4302.181436,3346.608060,3346.722165,4221.267246,3284.406331,3292.874460
3523.916872,2963.924660,3140.995316,4235.178099,3280.280076,3276.051602,4003.057310,3022.956109,2940.862963
3777.775878,2567.376495,1988.743082,4199.241433,3280.973841,3257.548011,3859.976517,3104.282466,2988.873997
3527.630464,3073.631535,2959.559501,4177.114517,3265.152326,3276.342703,3823.304851,2933.163539,3055.532613
3756.708780,2544.570673,2026.452278,4202.208927,3277.286832,3259.183087,3883.080964,3135.744092,3027.101805
3537.303560,2965.208502,3138.640273,4234.819048,3279.047879,3274.995288,4003.106515,3017.401269,2931.235538
3774.987000,2555.661388,1967.306869,4201.091768,3282.227501,3258.383383,3867.258916,3115.928563,3004.013246
3553.255934,2975.993437,3126.374366,4233.749470,3278.663985,3273.203043,4001.324556,2985.366483,2901.736400
3562.470688,2980.882729,3126.686222,4233.925720,3278.353010,3274.313826,4004.336682,2980.303919,2906.008537
3524.553571,2969.375459,3146.273706,4235.554828,3280.697322,3276.799244,3996.598453,3021.926424,2943.664762
3770.969509,2569.463295,2054.280006,4200.397958,3276.056292,3261.513707,3854.011534,3130.658880,3020.658090
3759.388757,2540.368632,1993.008083,4199.918291,3277.368302,3258.170954,3874.240744,3132.155129,3017.803336
3771.418066,2569.800495,2069.079306,4199.494266,3275.607929,3263.331595,3831.826686,3117.738321,3035.843565
3563.665202,2978.828255,3127.688076,4233.641521,3278.450212,3275.169325,3999.543495,2994.627722,2918.514519
3533.335401,2960.481993,3140.913675,4234.079326,3279.033298,3274.532089,3996.016326,3014.432960,2927.635747
3523.033611,2962.303929,3143.207761,4235.920869,3279.900819,3275.047853,4003.039148,3019.104637,2937.888243
3527.350077,3064.246256,2970.619426,4177.729423,3264.443370,3277.519812,3848.167120,2947.974634,3064.677808
3769.586327,2548.680174,1960.242559,4200.018177,3283.298084,3259.748531,3863.503806,3127.203438,3015.878070
3756.779075,2531.697064,1972.685249,4199.722997,3278.371565,3258.693373,3861.449942,3134.878709,3034.092207
3768.200980,2586.945091,2089.085851,4199.880820,3275.129875,3262.884991,3834.965868,3110.080951,3023.538004
3530.865377,2961.190811,3139.935878,4233.942566,3278.841067,3274.070573,4007.381799,3023.376503,2919.434377
3559.968940,2980.551108,3127.217264,4233.664941,3278.982671,3274.584320,3991.917156,2991.633759,2908.822190
3766.695887,2555.056836,2011.008597,4198.230800,3276.862955,3260.772329,3851.295729,3133.445112,3026.762308
3533.696796,3068.069777,2955.481889,4169.363228,3266.988148,3270.318899,3827.476124,2986.166875,3073.479853
3535.763296,2962.989281,3132.312745,4233.511832,3279.346247,3274.763295,4013.898597,3020.621644,2932.838172
3550.895955,2969.017494,3130.378831,4233.313746,3280.147211,3275.528597,3990.958758,3002.839126,2918.551985
3542.639673,2967.539460,3131.875854,4234.366997,3280.144590,3273.636475,3997.590212,2991.351699,2912.289626
3774.688214,2558.717805,1966.372676,4200.873364,3282.451018,3258.233663,3864.257066,3112.410947,3010.747729
3751.225562,2522.737664,1968.916711,4201.999739,3278.707513,3257.982417,3869.843651,3137.365553,3025.969658
3778.302029,2563.808521,1977.780748,4199.708730,3281.340484,3257.259999,3859.899350,3109.079485,2994.831337
3759.882662,2545.187556,1996.761289,4200.329384,3277.929319,3258.879591,3872.369782,3129.454360,3026.099936
