89.836554,62.598144,94.006754
202.129243,265.570401,39.651459
182.603821,292.447481,56.073665
151.719456,-4.791706,81.528801
95.434391,59.386238,98.124685
206.695530,258.910413,42.305436
130.114208,70.706804,73.383426
176.354277,225.184560,71.759468
176.287121,225.507844,72.106433
181.116891,241.912528,68.415567
110.764657,53.811715,85.738182
141.366103,4.411648,88.393564
180.377450,240.269424,69.727580
178.176296,231.093583,70.171335
121.637044,49.097074,77.424211
133.782277,7.828797,91.217658
125.578751,61.273528,77.075011
146.156845,0.388912,84.778485
143.149193,7.630464,87.182315
105.166053,59.091849,92.902066
148.641638,1.294791,84.199406
129.000489,20.194304,90.123331
144.556029,2.097172,86.015376
101.220816,58.574572,96.600470
177.564077,226.686558,70.907129
126.446156,26.067320,89.655875
184.444154,252.777987,66.453105
184.661778,251.008806,66.100766
97.761785,58.767740,97.072832
151.165058,-1.987534,82.560936
149.805884,-0.259099,83.395978
127.837758,22.945431,91.645055
131.365267,14.747701,91.769209
115.483810,48.967910,89.008974
131.715597,13.429209,90.173948
176.695837,225.879168,71.395611
195.667167,270.014186,51.087903
124.614539,32.844075,91.852807
96.279968,58.871063,97.573247
116.351700,47.936231,89.680601
89.921444,63.580512,93.330872
203.439010,264.427017,40.622229
196.203547,269.313087,50.090169
194.525671,281.650335,51.480577
184.980272,253.834565,66.013499
150.414130,-4.269087,82.922633
195.315667,281.136601,49.719343
123.766573,34.180584,91.562912
123.321815,36.708988,91.547055
187.327062,263.898385,64.879037
114.637253,49.938040,88.652319
118.691396,44.754612,90.979879
196.339910,280.743196,48.705230
206.075574,257.514158,42.970675
116.991611,47.141242,90.400081
194.708676,269.144246,52.372808
141.792324,0.869566,87.524444
197.643390,268.667926,47.379346
132.882718,11.012422,91.155697
196.494555,271.828346,47.708206
119.560019,43.397993,91.115548
113.718646,51.119225,88.449464
112.794033,52.092782,87.849128
112.077225,53.557246,92.836114
150.119718,-3.720481,82.717004
132.897904,10.234466,91.455513
118.019345,45.728308,90.843111
112.307222,53.333755,92.567217
186.805054,262.813393,65.339800
104.362832,58.988952,94.896559
183.720091,292.014000,55.734730
141.548914,2.966314,87.885482
94.701800,59.906335,97.733836
191.862864,268.766102,61.857909
198.051235,268.420630,46.466211
189.323161,266.897428,63.895407
193.384069,269.342310,60.544609
126.392098,30.010966,91.188787
192.626663,269.983514,60.923573
90.957764,61.865950,95.042741
103.283417,58.950812,94.960461
117.516445,46.404963,90.587125
102.730971,58.676565,96.056417
193.629592,269.327089,59.851131
200.769988,275.241310,44.086155
114.135625,50.598977,88.633742
191.199602,266.795447,63.368720
185.761724,261.452341,65.746053
101.831220,58.896824,96.300297
193.897370,281.263403,56.466948
191.141998,267.571300,63.191589
184.437616,258.152020,66.335162
196.851918,269.279595,48.527226
192.864101,270.005629,60.132867
95.644660,59.113102,97.921572
193.282286,270.638294,59.269706
190.129564,287.099136,54.112992
125.301328,31.691953,91.649330
122.283173,37.056662,91.583849
189.854650,286.096020,54.120598
93.457282,60.040377,96.605579
121.092584,40.765069,91.503274
192.397254,268.602355,61.369597
196.578979,270.725317,48.153132
185.082355,289.928751,58.871996
120.107767,42.522919,91.198477
190.729489,286.143907,46.417517
122.181541,38.775779,91.834725
189.248472,264.791659,64.412282
120.824974,41.324510,91.506543
191.118993,285.965937,53.853899
125.031129,33.239349,91.610298
194.314298,280.662125,56.896340
92.205587,61.455687,95.948535
183.926940,291.911553,57.877956
202.690981,264.482504,41.259874
141.642252,2.592507,87.504853
203.094085,264.283028,40.928063
120.366174,42.117773,91.427383
193.062748,282.391014,53.006288
121.302133,39.189306,91.091453
192.729707,282.349966,54.619805
192.181570,267.901851,62.724359
93.308190,60.016887,97.092944
189.785314,287.616708,54.683651
125.786319,31.140334,91.423287
186.689501,289.344176,52.597417
192.990324,280.932447,58.217895
192.944652,267.754577,62.412718
185.187816,290.050073,58.549717
196.296215,280.606139,49.788431
197.329646,270.659129,47.507101
92.001139,61.638810,95.631737
204.684465,259.392987,43.400725
126.053090,30.583124,91.271194
90.624949,62.266222,94.505878
91.723104,61.816992,95.498601
201.617457,266.817437,42.102310
204.711627,261.120332,42.424860
90.539028,62.381321,94.315377
194.881845,282.141218,47.810861
195.104470,281.826004,45.467891
204.048613,262.744042,41.000987
192.958083,270.755920,59.153460
201.102036,265.292836,43.758732
200.221267,266.392344,45.507080
203.947929,260.949145,42.877729
185.921909,289.916090,57.125162
90.347704,62.871884,93.953786
185.587745,290.221063,57.515241
194.109349,280.935406,57.517296
191.447547,285.154461,53.548874
195.911781,281.031194,48.012062
205.949537,260.184133,42.757710
198.028782,278.882038,45.232686
190.273177,286.239394,46.432211
188.378109,266.018649,64.198278
185.714337,289.692304,57.998893
187.085109,289.270442,56.210877
205.644497,259.169693,43.035298
203.545759,263.436692,41.504398
200.828811,266.424370,42.640733
205.158986,261.802033,41.937558
187.817782,288.807857,56.012942
189.093902,265.902054,64.359076
204.337876,259.061170,43.672987
90.715699,62.181946,94.754505
202.253075,263.475715,43.392523
204.916235,260.736473,42.218472
200.761380,266.974686,44.461309
112.482751,53.207054,93.083908
95.157424,59.614270,98.030042
204.203962,260.652893,43.969163
184.113298,291.615563,55.683859
199.608471,266.730112,45.591969
200.069153,275.903335,43.578052
205.115897,261.831025,41.617201
205.406644,260.317283,42.738659
92.581841,60.774995,96.390106
94.865181,59.638340,97.667817
187.852944,288.707315,54.901592
201.851374,266.092748,41.818239
201.349064,264.128349,43.988851
186.465703,289.218759,57.363897
122.187572,37.224991,91.459077
188.788432,288.455736,55.306995
90.221464,63.143409,93.751621
91.677861,61.771853,95.521564
189.300166,288.167442,54.932314
193.469831,283.642424,46.205604
189.612231,265.191454,64.227802
184.681527,291.101706,57.378572
198.619983,278.187981,44.570663
187.238593,289.259228,55.123148
198.530854,278.709668,44.744917
205.114494,260.186719,43.172558
185.158942,290.153410,58.567305
192.040358,284.731019,46.117972
192.780088,281.932253,55.554698
197.091459,279.926668,44.836547
