91.328380,60.574658,96.090527
229.916128,30.303365,1.676418
192.027746,277.358876,52.995838
96.910793,58.934481,98.503920
249.978563,74.516316,-99.531928
130.298376,145.301903,77.985537
148.074328,220.481989,74.331394
227.679381,30.895416,19.068270
140.654896,99.419222,77.992302
126.995846,174.812027,80.512993
193.245875,276.346619,52.173389
212.568604,233.345527,-98.326565
141.759207,159.420492,76.740466
155.783913,227.064902,73.188444
171.684933,250.587818,66.516170
228.640011,34.978985,7.377419
190.013758,276.921178,54.250410
228.669226,44.854320,-17.674228
132.314490,75.579639,83.607851
208.411866,232.746243,-63.092135
226.411509,46.440233,-24.424318
127.351358,166.070674,81.259824
180.454729,255.713885,64.906623
227.001986,40.954978,-6.794104
222.907900,65.117035,-51.881904
245.625288,67.004927,-93.101990
224.881931,47.424685,-33.351517
242.989328,77.622517,-71.852687
204.396956,269.118132,62.034065
107.485759,56.968005,92.064525
139.462044,91.274696,81.882910
176.954627,257.083697,64.108497
248.146101,67.089706,-94.405134
224.290352,60.900107,-46.413107
243.740199,84.490526,-74.798367
242.785597,90.816966,-84.677793
205.070984,273.186794,61.578363
237.549474,76.239443,-67.725037
175.345114,242.465756,72.848623
227.384025,49.076688,-39.060903
114.272067,52.081859,92.866076
232.545665,91.623373,-79.682297
173.727401,253.138933,65.978368
198.327369,276.234069,63.608844
228.950235,71.351760,-65.983719
206.184033,272.286491,61.623887
126.367803,56.143803,89.208351
227.643038,39.279965,-3.414920
235.680966,89.237497,-74.307483
125.499487,53.651332,89.865276
120.338871,43.136706,94.360366
227.232852,47.691484,-37.877360
154.408662,225.380749,73.490118
233.307800,67.477455,-67.491073
228.183495,37.859513,-0.764442
227.457834,69.973550,-59.875530
104.441339,59.094324,93.728902
241.472666,90.204735,-82.076184
226.594640,62.982240,-51.513444
234.323823,91.342180,-81.102043
198.952475,273.451127,63.693851
174.946426,244.037788,71.631673
176.250165,246.766951,70.504657
151.259139,224.175694,73.523015
240.151936,89.471403,-79.911330
227.324855,70.568849,-58.258620
117.594900,46.548473,94.778848
244.721092,87.060936,-79.549274
124.132601,37.218896,93.643575
177.625768,256.455554,64.488595
201.650573,275.493363,63.012566
239.169809,91.323062,-78.789542
225.225405,56.066624,-48.745417
227.518359,66.722553,-56.024745
224.879612,57.708553,-48.306110
231.443893,90.628459,-76.251622
121.590326,41.442299,93.971759
204.205861,273.270595,62.651029
225.016105,56.852344,-48.872645
228.370155,61.190550,-52.254286
101.005446,58.906485,96.690435
242.630900,90.701290,-83.279481
201.993121,275.249589,62.918123
175.110738,255.303354,65.120487
244.467806,87.609368,-76.917047
176.355289,247.804576,69.822320
223.611378,224.130760,-98.651584
151.124643,223.393231,73.905419
149.005893,226.563022,73.634760
102.977270,58.286351,96.697736
243.493699,88.122058,-77.673296
149.926294,225.855849,73.472381
227.865967,66.332887,-59.779324
175.606639,250.505832,67.508238
231.306928,90.778473,-78.501632
228.523185,63.383902,-54.485216
176.837528,251.600803,66.437194
175.968644,243.943488,72.362093
176.378303,249.327282,68.299300
176.263396,248.832633,68.815296
122.818526,39.477268,93.945460
229.220738,60.690962,-54.865366
228.734031,61.059438,-53.837283
243.164912,88.944663,-82.761922
126.964149,46.802355,90.835806
102.303864,59.335296,95.392615
126.356259,41.796680,91.650677
123.185752,40.459343,91.905492
192.619634,276.882636,52.584313
116.889189,47.488699,95.074464
123.627586,37.873822,93.948441
114.459816,50.483821,94.799279
115.867293,48.808705,95.039719
115.930954,48.603457,95.189164
99.442211,58.669704,97.457198
222.938281,65.431962,-52.124010
204.365602,274.076675,62.204381
122.928261,42.306170,91.100083
150.742310,223.455303,73.704178
201.825214,275.111588,63.149322
190.830656,277.121811,53.938560
177.572596,256.959846,64.206748
176.567158,256.078984,64.577245
114.346433,52.496626,91.064196
191.518232,277.012800,53.323112
114.350845,51.722051,93.556730
192.232120,277.124646,52.907600
98.836825,58.630306,98.117018
114.416965,50.276358,95.126886
175.619169,244.010243,71.831504
114.380286,51.123375,94.224806
191.050478,276.235476,53.817496
191.328874,276.887960,53.497228
114.370188,52.027865,92.711038
98.366193,58.634370,98.183605
114.403519,52.128312,92.138853
114.290537,50.808982,94.457011
150.891815,225.441272,73.526595
97.250203,58.940964,98.407417
92.835746,60.268926,97.185699
95.864554,59.552574,96.964509
93.086611,60.214812,97.290324
93.435832,60.192508,97.326332
92.415842,60.305561,96.960992
98.102360,58.715224,97.570323
97.799945,58.669231,97.865759
95.585187,59.778198,96.813467
99.118963,58.644843,97.872060
96.192796,59.247663,97.435620
93.751553,60.112765,97.513732
96.719898,58.942453,98.407206
93.979767,59.896042,97.740945
97.501107,58.730587,97.838488
96.508588,59.066585,97.813936
99.268726,58.652914,97.512789
92.945157,60.240661,97.165072
97.475364,58.858547,98.163134
96.358566,59.085462,98.268397
97.981313,58.657646,97.954287
93.877446,60.015963,97.637077
96.648454,59.107801,97.774660
94.371183,60.717130,95.460189
93.539406,60.211556,97.283981
92.357710,60.304750,96.989852
96.886647,59.018382,97.934917
96.052970,59.456881,97.275019
94.515987,59.624825,98.016507
94.067796,60.967833,94.888280
94.466081,60.648607,95.606995
94.566980,60.474140,95.856598
95.269068,59.849133,96.628655
95.510039,59.380821,97.981579
94.275707,60.821814,95.290614
95.402609,59.848219,96.810236
94.165720,60.854531,94.995304
94.434139,60.671417,95.653477
95.189027,59.418441,97.648125
95.140947,60.046598,96.298825
92.262395,60.363151,96.905492
96.355497,59.185033,97.633310
91.336784,60.580635,96.088457
94.109244,60.922132,94.901817
94.625155,60.436539,95.894462
94.772942,59.502290,97.875507
96.074792,59.226536,98.121972
94.625470,59.502582,97.888352
95.041075,60.234975,96.203556
91.756448,60.481245,96.481121
94.317060,60.769339,95.400730
91.652186,60.483875,96.414946
94.427550,59.738511,97.997363
94.217164,60.822793,95.167335
92.203047,60.341139,96.920292
93.453587,60.127551,97.445795
91.514416,60.558215,96.240316
92.076778,60.367274,96.813388
94.897668,60.270955,96.283079
91.392479,60.561203,96.136612
94.984310,60.296561,96.193135
94.819929,59.483508,97.632867
